p cnf 36 2377
1 2 3 0
-1 -2 -3 0
1 7 13 0
-1 -7 -13 0
2 3 4 0
-2 -3 -4 0
7 13 19 0
-7 -13 -19 0
3 4 5 0
-3 -4 -5 0
13 19 25 0
-13 -19 -25 0
4 5 6 0
-4 -5 -6 0
19 25 31 0
-19 -25 -31 0
7 8 9 0
-7 -8 -9 0
2 8 14 0
-2 -8 -14 0
8 9 10 0
-8 -9 -10 0
8 14 20 0
-8 -14 -20 0
9 10 11 0
-9 -10 -11 0
14 20 26 0
-14 -20 -26 0
10 11 12 0
-10 -11 -12 0
20 26 32 0
-20 -26 -32 0
13 14 15 0
-13 -14 -15 0
3 9 15 0
-3 -9 -15 0
14 15 16 0
-14 -15 -16 0
9 15 21 0
-9 -15 -21 0
15 16 17 0
-15 -16 -17 0
15 21 27 0
-15 -21 -27 0
16 17 18 0
-16 -17 -18 0
21 27 33 0
-21 -27 -33 0
19 20 21 0
-19 -20 -21 0
4 10 16 0
-4 -10 -16 0
20 21 22 0
-20 -21 -22 0
10 16 22 0
-10 -16 -22 0
21 22 23 0
-21 -22 -23 0
16 22 28 0
-16 -22 -28 0
22 23 24 0
-22 -23 -24 0
22 28 34 0
-22 -28 -34 0
25 26 27 0
-25 -26 -27 0
5 11 17 0
-5 -11 -17 0
26 27 28 0
-26 -27 -28 0
11 17 23 0
-11 -17 -23 0
27 28 29 0
-27 -28 -29 0
17 23 29 0
-17 -23 -29 0
28 29 30 0
-28 -29 -30 0
23 29 35 0
-23 -29 -35 0
31 32 33 0
-31 -32 -33 0
6 12 18 0
-6 -12 -18 0
32 33 34 0
-32 -33 -34 0
12 18 24 0
-12 -18 -24 0
33 34 35 0
-33 -34 -35 0
18 24 30 0
-18 -24 -30 0
34 35 36 0
-34 -35 -36 0
24 30 36 0
-24 -30 -36 0
-1 -2 -7 -8 -13 -14 -19 -20 -25 -26 -31 -32 0
1 2 -7 -8 -13 -14 -19 -20 -25 -26 -31 -32 0
-1 -2 7 8 -13 -14 -19 -20 -25 -26 -31 -32 0
1 2 7 8 -13 -14 -19 -20 -25 -26 -31 -32 0
-1 -2 -7 -8 13 14 -19 -20 -25 -26 -31 -32 0
1 2 -7 -8 13 14 -19 -20 -25 -26 -31 -32 0
-1 -2 7 8 13 14 -19 -20 -25 -26 -31 -32 0
1 2 7 8 13 14 -19 -20 -25 -26 -31 -32 0
-1 -2 -7 -8 -13 -14 19 20 -25 -26 -31 -32 0
1 2 -7 -8 -13 -14 19 20 -25 -26 -31 -32 0
-1 -2 7 8 -13 -14 19 20 -25 -26 -31 -32 0
1 2 7 8 -13 -14 19 20 -25 -26 -31 -32 0
-1 -2 -7 -8 13 14 19 20 -25 -26 -31 -32 0
1 2 -7 -8 13 14 19 20 -25 -26 -31 -32 0
-1 -2 7 8 13 14 19 20 -25 -26 -31 -32 0
1 2 7 8 13 14 19 20 -25 -26 -31 -32 0
-1 -2 -7 -8 -13 -14 -19 -20 25 26 -31 -32 0
1 2 -7 -8 -13 -14 -19 -20 25 26 -31 -32 0
-1 -2 7 8 -13 -14 -19 -20 25 26 -31 -32 0
1 2 7 8 -13 -14 -19 -20 25 26 -31 -32 0
-1 -2 -7 -8 13 14 -19 -20 25 26 -31 -32 0
1 2 -7 -8 13 14 -19 -20 25 26 -31 -32 0
-1 -2 7 8 13 14 -19 -20 25 26 -31 -32 0
1 2 7 8 13 14 -19 -20 25 26 -31 -32 0
-1 -2 -7 -8 -13 -14 19 20 25 26 -31 -32 0
1 2 -7 -8 -13 -14 19 20 25 26 -31 -32 0
-1 -2 7 8 -13 -14 19 20 25 26 -31 -32 0
1 2 7 8 -13 -14 19 20 25 26 -31 -32 0
-1 -2 -7 -8 13 14 19 20 25 26 -31 -32 0
1 2 -7 -8 13 14 19 20 25 26 -31 -32 0
-1 -2 7 8 13 14 19 20 25 26 -31 -32 0
1 2 7 8 13 14 19 20 25 26 -31 -32 0
-1 -2 -7 -8 -13 -14 -19 -20 -25 -26 31 32 0
1 2 -7 -8 -13 -14 -19 -20 -25 -26 31 32 0
-1 -2 7 8 -13 -14 -19 -20 -25 -26 31 32 0
1 2 7 8 -13 -14 -19 -20 -25 -26 31 32 0
-1 -2 -7 -8 13 14 -19 -20 -25 -26 31 32 0
1 2 -7 -8 13 14 -19 -20 -25 -26 31 32 0
-1 -2 7 8 13 14 -19 -20 -25 -26 31 32 0
1 2 7 8 13 14 -19 -20 -25 -26 31 32 0
-1 -2 -7 -8 -13 -14 19 20 -25 -26 31 32 0
1 2 -7 -8 -13 -14 19 20 -25 -26 31 32 0
-1 -2 7 8 -13 -14 19 20 -25 -26 31 32 0
1 2 7 8 -13 -14 19 20 -25 -26 31 32 0
-1 -2 -7 -8 13 14 19 20 -25 -26 31 32 0
1 2 -7 -8 13 14 19 20 -25 -26 31 32 0
-1 -2 7 8 13 14 19 20 -25 -26 31 32 0
1 2 7 8 13 14 19 20 -25 -26 31 32 0
-1 -2 -7 -8 -13 -14 -19 -20 25 26 31 32 0
1 2 -7 -8 -13 -14 -19 -20 25 26 31 32 0
-1 -2 7 8 -13 -14 -19 -20 25 26 31 32 0
1 2 7 8 -13 -14 -19 -20 25 26 31 32 0
-1 -2 -7 -8 13 14 -19 -20 25 26 31 32 0
1 2 -7 -8 13 14 -19 -20 25 26 31 32 0
-1 -2 7 8 13 14 -19 -20 25 26 31 32 0
1 2 7 8 13 14 -19 -20 25 26 31 32 0
-1 -2 -7 -8 -13 -14 19 20 25 26 31 32 0
1 2 -7 -8 -13 -14 19 20 25 26 31 32 0
-1 -2 7 8 -13 -14 19 20 25 26 31 32 0
1 2 7 8 -13 -14 19 20 25 26 31 32 0
-1 -2 -7 -8 13 14 19 20 25 26 31 32 0
1 2 -7 -8 13 14 19 20 25 26 31 32 0
-1 -2 7 8 13 14 19 20 25 26 31 32 0
1 2 7 8 13 14 19 20 25 26 31 32 0
-1 -3 -7 -9 -13 -15 -19 -21 -25 -27 -31 -33 0
1 3 -7 -9 -13 -15 -19 -21 -25 -27 -31 -33 0
-1 -3 7 9 -13 -15 -19 -21 -25 -27 -31 -33 0
1 3 7 9 -13 -15 -19 -21 -25 -27 -31 -33 0
-1 -3 -7 -9 13 15 -19 -21 -25 -27 -31 -33 0
1 3 -7 -9 13 15 -19 -21 -25 -27 -31 -33 0
-1 -3 7 9 13 15 -19 -21 -25 -27 -31 -33 0
1 3 7 9 13 15 -19 -21 -25 -27 -31 -33 0
-1 -3 -7 -9 -13 -15 19 21 -25 -27 -31 -33 0
1 3 -7 -9 -13 -15 19 21 -25 -27 -31 -33 0
-1 -3 7 9 -13 -15 19 21 -25 -27 -31 -33 0
1 3 7 9 -13 -15 19 21 -25 -27 -31 -33 0
-1 -3 -7 -9 13 15 19 21 -25 -27 -31 -33 0
1 3 -7 -9 13 15 19 21 -25 -27 -31 -33 0
-1 -3 7 9 13 15 19 21 -25 -27 -31 -33 0
1 3 7 9 13 15 19 21 -25 -27 -31 -33 0
-1 -3 -7 -9 -13 -15 -19 -21 25 27 -31 -33 0
1 3 -7 -9 -13 -15 -19 -21 25 27 -31 -33 0
-1 -3 7 9 -13 -15 -19 -21 25 27 -31 -33 0
1 3 7 9 -13 -15 -19 -21 25 27 -31 -33 0
-1 -3 -7 -9 13 15 -19 -21 25 27 -31 -33 0
1 3 -7 -9 13 15 -19 -21 25 27 -31 -33 0
-1 -3 7 9 13 15 -19 -21 25 27 -31 -33 0
1 3 7 9 13 15 -19 -21 25 27 -31 -33 0
-1 -3 -7 -9 -13 -15 19 21 25 27 -31 -33 0
1 3 -7 -9 -13 -15 19 21 25 27 -31 -33 0
-1 -3 7 9 -13 -15 19 21 25 27 -31 -33 0
1 3 7 9 -13 -15 19 21 25 27 -31 -33 0
-1 -3 -7 -9 13 15 19 21 25 27 -31 -33 0
1 3 -7 -9 13 15 19 21 25 27 -31 -33 0
-1 -3 7 9 13 15 19 21 25 27 -31 -33 0
1 3 7 9 13 15 19 21 25 27 -31 -33 0
-1 -3 -7 -9 -13 -15 -19 -21 -25 -27 31 33 0
1 3 -7 -9 -13 -15 -19 -21 -25 -27 31 33 0
-1 -3 7 9 -13 -15 -19 -21 -25 -27 31 33 0
1 3 7 9 -13 -15 -19 -21 -25 -27 31 33 0
-1 -3 -7 -9 13 15 -19 -21 -25 -27 31 33 0
1 3 -7 -9 13 15 -19 -21 -25 -27 31 33 0
-1 -3 7 9 13 15 -19 -21 -25 -27 31 33 0
1 3 7 9 13 15 -19 -21 -25 -27 31 33 0
-1 -3 -7 -9 -13 -15 19 21 -25 -27 31 33 0
1 3 -7 -9 -13 -15 19 21 -25 -27 31 33 0
-1 -3 7 9 -13 -15 19 21 -25 -27 31 33 0
1 3 7 9 -13 -15 19 21 -25 -27 31 33 0
-1 -3 -7 -9 13 15 19 21 -25 -27 31 33 0
1 3 -7 -9 13 15 19 21 -25 -27 31 33 0
-1 -3 7 9 13 15 19 21 -25 -27 31 33 0
1 3 7 9 13 15 19 21 -25 -27 31 33 0
-1 -3 -7 -9 -13 -15 -19 -21 25 27 31 33 0
1 3 -7 -9 -13 -15 -19 -21 25 27 31 33 0
-1 -3 7 9 -13 -15 -19 -21 25 27 31 33 0
1 3 7 9 -13 -15 -19 -21 25 27 31 33 0
-1 -3 -7 -9 13 15 -19 -21 25 27 31 33 0
1 3 -7 -9 13 15 -19 -21 25 27 31 33 0
-1 -3 7 9 13 15 -19 -21 25 27 31 33 0
1 3 7 9 13 15 -19 -21 25 27 31 33 0
-1 -3 -7 -9 -13 -15 19 21 25 27 31 33 0
1 3 -7 -9 -13 -15 19 21 25 27 31 33 0
-1 -3 7 9 -13 -15 19 21 25 27 31 33 0
1 3 7 9 -13 -15 19 21 25 27 31 33 0
-1 -3 -7 -9 13 15 19 21 25 27 31 33 0
1 3 -7 -9 13 15 19 21 25 27 31 33 0
-1 -3 7 9 13 15 19 21 25 27 31 33 0
1 3 7 9 13 15 19 21 25 27 31 33 0
-1 -4 -7 -10 -13 -16 -19 -22 -25 -28 -31 -34 0
1 4 -7 -10 -13 -16 -19 -22 -25 -28 -31 -34 0
-1 -4 7 10 -13 -16 -19 -22 -25 -28 -31 -34 0
1 4 7 10 -13 -16 -19 -22 -25 -28 -31 -34 0
-1 -4 -7 -10 13 16 -19 -22 -25 -28 -31 -34 0
1 4 -7 -10 13 16 -19 -22 -25 -28 -31 -34 0
-1 -4 7 10 13 16 -19 -22 -25 -28 -31 -34 0
1 4 7 10 13 16 -19 -22 -25 -28 -31 -34 0
-1 -4 -7 -10 -13 -16 19 22 -25 -28 -31 -34 0
1 4 -7 -10 -13 -16 19 22 -25 -28 -31 -34 0
-1 -4 7 10 -13 -16 19 22 -25 -28 -31 -34 0
1 4 7 10 -13 -16 19 22 -25 -28 -31 -34 0
-1 -4 -7 -10 13 16 19 22 -25 -28 -31 -34 0
1 4 -7 -10 13 16 19 22 -25 -28 -31 -34 0
-1 -4 7 10 13 16 19 22 -25 -28 -31 -34 0
1 4 7 10 13 16 19 22 -25 -28 -31 -34 0
-1 -4 -7 -10 -13 -16 -19 -22 25 28 -31 -34 0
1 4 -7 -10 -13 -16 -19 -22 25 28 -31 -34 0
-1 -4 7 10 -13 -16 -19 -22 25 28 -31 -34 0
1 4 7 10 -13 -16 -19 -22 25 28 -31 -34 0
-1 -4 -7 -10 13 16 -19 -22 25 28 -31 -34 0
1 4 -7 -10 13 16 -19 -22 25 28 -31 -34 0
-1 -4 7 10 13 16 -19 -22 25 28 -31 -34 0
1 4 7 10 13 16 -19 -22 25 28 -31 -34 0
-1 -4 -7 -10 -13 -16 19 22 25 28 -31 -34 0
1 4 -7 -10 -13 -16 19 22 25 28 -31 -34 0
-1 -4 7 10 -13 -16 19 22 25 28 -31 -34 0
1 4 7 10 -13 -16 19 22 25 28 -31 -34 0
-1 -4 -7 -10 13 16 19 22 25 28 -31 -34 0
1 4 -7 -10 13 16 19 22 25 28 -31 -34 0
-1 -4 7 10 13 16 19 22 25 28 -31 -34 0
1 4 7 10 13 16 19 22 25 28 -31 -34 0
-1 -4 -7 -10 -13 -16 -19 -22 -25 -28 31 34 0
1 4 -7 -10 -13 -16 -19 -22 -25 -28 31 34 0
-1 -4 7 10 -13 -16 -19 -22 -25 -28 31 34 0
1 4 7 10 -13 -16 -19 -22 -25 -28 31 34 0
-1 -4 -7 -10 13 16 -19 -22 -25 -28 31 34 0
1 4 -7 -10 13 16 -19 -22 -25 -28 31 34 0
-1 -4 7 10 13 16 -19 -22 -25 -28 31 34 0
1 4 7 10 13 16 -19 -22 -25 -28 31 34 0
-1 -4 -7 -10 -13 -16 19 22 -25 -28 31 34 0
1 4 -7 -10 -13 -16 19 22 -25 -28 31 34 0
-1 -4 7 10 -13 -16 19 22 -25 -28 31 34 0
1 4 7 10 -13 -16 19 22 -25 -28 31 34 0
-1 -4 -7 -10 13 16 19 22 -25 -28 31 34 0
1 4 -7 -10 13 16 19 22 -25 -28 31 34 0
-1 -4 7 10 13 16 19 22 -25 -28 31 34 0
1 4 7 10 13 16 19 22 -25 -28 31 34 0
-1 -4 -7 -10 -13 -16 -19 -22 25 28 31 34 0
1 4 -7 -10 -13 -16 -19 -22 25 28 31 34 0
-1 -4 7 10 -13 -16 -19 -22 25 28 31 34 0
1 4 7 10 -13 -16 -19 -22 25 28 31 34 0
-1 -4 -7 -10 13 16 -19 -22 25 28 31 34 0
1 4 -7 -10 13 16 -19 -22 25 28 31 34 0
-1 -4 7 10 13 16 -19 -22 25 28 31 34 0
1 4 7 10 13 16 -19 -22 25 28 31 34 0
-1 -4 -7 -10 -13 -16 19 22 25 28 31 34 0
1 4 -7 -10 -13 -16 19 22 25 28 31 34 0
-1 -4 7 10 -13 -16 19 22 25 28 31 34 0
1 4 7 10 -13 -16 19 22 25 28 31 34 0
-1 -4 -7 -10 13 16 19 22 25 28 31 34 0
1 4 -7 -10 13 16 19 22 25 28 31 34 0
-1 -4 7 10 13 16 19 22 25 28 31 34 0
1 4 7 10 13 16 19 22 25 28 31 34 0
-1 -5 -7 -11 -13 -17 -19 -23 -25 -29 -31 -35 0
1 5 -7 -11 -13 -17 -19 -23 -25 -29 -31 -35 0
-1 -5 7 11 -13 -17 -19 -23 -25 -29 -31 -35 0
1 5 7 11 -13 -17 -19 -23 -25 -29 -31 -35 0
-1 -5 -7 -11 13 17 -19 -23 -25 -29 -31 -35 0
1 5 -7 -11 13 17 -19 -23 -25 -29 -31 -35 0
-1 -5 7 11 13 17 -19 -23 -25 -29 -31 -35 0
1 5 7 11 13 17 -19 -23 -25 -29 -31 -35 0
-1 -5 -7 -11 -13 -17 19 23 -25 -29 -31 -35 0
1 5 -7 -11 -13 -17 19 23 -25 -29 -31 -35 0
-1 -5 7 11 -13 -17 19 23 -25 -29 -31 -35 0
1 5 7 11 -13 -17 19 23 -25 -29 -31 -35 0
-1 -5 -7 -11 13 17 19 23 -25 -29 -31 -35 0
1 5 -7 -11 13 17 19 23 -25 -29 -31 -35 0
-1 -5 7 11 13 17 19 23 -25 -29 -31 -35 0
1 5 7 11 13 17 19 23 -25 -29 -31 -35 0
-1 -5 -7 -11 -13 -17 -19 -23 25 29 -31 -35 0
1 5 -7 -11 -13 -17 -19 -23 25 29 -31 -35 0
-1 -5 7 11 -13 -17 -19 -23 25 29 -31 -35 0
1 5 7 11 -13 -17 -19 -23 25 29 -31 -35 0
-1 -5 -7 -11 13 17 -19 -23 25 29 -31 -35 0
1 5 -7 -11 13 17 -19 -23 25 29 -31 -35 0
-1 -5 7 11 13 17 -19 -23 25 29 -31 -35 0
1 5 7 11 13 17 -19 -23 25 29 -31 -35 0
-1 -5 -7 -11 -13 -17 19 23 25 29 -31 -35 0
1 5 -7 -11 -13 -17 19 23 25 29 -31 -35 0
-1 -5 7 11 -13 -17 19 23 25 29 -31 -35 0
1 5 7 11 -13 -17 19 23 25 29 -31 -35 0
-1 -5 -7 -11 13 17 19 23 25 29 -31 -35 0
1 5 -7 -11 13 17 19 23 25 29 -31 -35 0
-1 -5 7 11 13 17 19 23 25 29 -31 -35 0
1 5 7 11 13 17 19 23 25 29 -31 -35 0
-1 -5 -7 -11 -13 -17 -19 -23 -25 -29 31 35 0
1 5 -7 -11 -13 -17 -19 -23 -25 -29 31 35 0
-1 -5 7 11 -13 -17 -19 -23 -25 -29 31 35 0
1 5 7 11 -13 -17 -19 -23 -25 -29 31 35 0
-1 -5 -7 -11 13 17 -19 -23 -25 -29 31 35 0
1 5 -7 -11 13 17 -19 -23 -25 -29 31 35 0
-1 -5 7 11 13 17 -19 -23 -25 -29 31 35 0
1 5 7 11 13 17 -19 -23 -25 -29 31 35 0
-1 -5 -7 -11 -13 -17 19 23 -25 -29 31 35 0
1 5 -7 -11 -13 -17 19 23 -25 -29 31 35 0
-1 -5 7 11 -13 -17 19 23 -25 -29 31 35 0
1 5 7 11 -13 -17 19 23 -25 -29 31 35 0
-1 -5 -7 -11 13 17 19 23 -25 -29 31 35 0
1 5 -7 -11 13 17 19 23 -25 -29 31 35 0
-1 -5 7 11 13 17 19 23 -25 -29 31 35 0
1 5 7 11 13 17 19 23 -25 -29 31 35 0
-1 -5 -7 -11 -13 -17 -19 -23 25 29 31 35 0
1 5 -7 -11 -13 -17 -19 -23 25 29 31 35 0
-1 -5 7 11 -13 -17 -19 -23 25 29 31 35 0
1 5 7 11 -13 -17 -19 -23 25 29 31 35 0
-1 -5 -7 -11 13 17 -19 -23 25 29 31 35 0
1 5 -7 -11 13 17 -19 -23 25 29 31 35 0
-1 -5 7 11 13 17 -19 -23 25 29 31 35 0
1 5 7 11 13 17 -19 -23 25 29 31 35 0
-1 -5 -7 -11 -13 -17 19 23 25 29 31 35 0
1 5 -7 -11 -13 -17 19 23 25 29 31 35 0
-1 -5 7 11 -13 -17 19 23 25 29 31 35 0
1 5 7 11 -13 -17 19 23 25 29 31 35 0
-1 -5 -7 -11 13 17 19 23 25 29 31 35 0
1 5 -7 -11 13 17 19 23 25 29 31 35 0
-1 -5 7 11 13 17 19 23 25 29 31 35 0
1 5 7 11 13 17 19 23 25 29 31 35 0
-1 -6 -7 -12 -13 -18 -19 -24 -25 -30 -31 -36 0
1 6 -7 -12 -13 -18 -19 -24 -25 -30 -31 -36 0
-1 -6 7 12 -13 -18 -19 -24 -25 -30 -31 -36 0
1 6 7 12 -13 -18 -19 -24 -25 -30 -31 -36 0
-1 -6 -7 -12 13 18 -19 -24 -25 -30 -31 -36 0
1 6 -7 -12 13 18 -19 -24 -25 -30 -31 -36 0
-1 -6 7 12 13 18 -19 -24 -25 -30 -31 -36 0
1 6 7 12 13 18 -19 -24 -25 -30 -31 -36 0
-1 -6 -7 -12 -13 -18 19 24 -25 -30 -31 -36 0
1 6 -7 -12 -13 -18 19 24 -25 -30 -31 -36 0
-1 -6 7 12 -13 -18 19 24 -25 -30 -31 -36 0
1 6 7 12 -13 -18 19 24 -25 -30 -31 -36 0
-1 -6 -7 -12 13 18 19 24 -25 -30 -31 -36 0
1 6 -7 -12 13 18 19 24 -25 -30 -31 -36 0
-1 -6 7 12 13 18 19 24 -25 -30 -31 -36 0
1 6 7 12 13 18 19 24 -25 -30 -31 -36 0
-1 -6 -7 -12 -13 -18 -19 -24 25 30 -31 -36 0
1 6 -7 -12 -13 -18 -19 -24 25 30 -31 -36 0
-1 -6 7 12 -13 -18 -19 -24 25 30 -31 -36 0
1 6 7 12 -13 -18 -19 -24 25 30 -31 -36 0
-1 -6 -7 -12 13 18 -19 -24 25 30 -31 -36 0
1 6 -7 -12 13 18 -19 -24 25 30 -31 -36 0
-1 -6 7 12 13 18 -19 -24 25 30 -31 -36 0
1 6 7 12 13 18 -19 -24 25 30 -31 -36 0
-1 -6 -7 -12 -13 -18 19 24 25 30 -31 -36 0
1 6 -7 -12 -13 -18 19 24 25 30 -31 -36 0
-1 -6 7 12 -13 -18 19 24 25 30 -31 -36 0
1 6 7 12 -13 -18 19 24 25 30 -31 -36 0
-1 -6 -7 -12 13 18 19 24 25 30 -31 -36 0
1 6 -7 -12 13 18 19 24 25 30 -31 -36 0
-1 -6 7 12 13 18 19 24 25 30 -31 -36 0
1 6 7 12 13 18 19 24 25 30 -31 -36 0
-1 -6 -7 -12 -13 -18 -19 -24 -25 -30 31 36 0
1 6 -7 -12 -13 -18 -19 -24 -25 -30 31 36 0
-1 -6 7 12 -13 -18 -19 -24 -25 -30 31 36 0
1 6 7 12 -13 -18 -19 -24 -25 -30 31 36 0
-1 -6 -7 -12 13 18 -19 -24 -25 -30 31 36 0
1 6 -7 -12 13 18 -19 -24 -25 -30 31 36 0
-1 -6 7 12 13 18 -19 -24 -25 -30 31 36 0
1 6 7 12 13 18 -19 -24 -25 -30 31 36 0
-1 -6 -7 -12 -13 -18 19 24 -25 -30 31 36 0
1 6 -7 -12 -13 -18 19 24 -25 -30 31 36 0
-1 -6 7 12 -13 -18 19 24 -25 -30 31 36 0
1 6 7 12 -13 -18 19 24 -25 -30 31 36 0
-1 -6 -7 -12 13 18 19 24 -25 -30 31 36 0
1 6 -7 -12 13 18 19 24 -25 -30 31 36 0
-1 -6 7 12 13 18 19 24 -25 -30 31 36 0
1 6 7 12 13 18 19 24 -25 -30 31 36 0
-1 -6 -7 -12 -13 -18 -19 -24 25 30 31 36 0
1 6 -7 -12 -13 -18 -19 -24 25 30 31 36 0
-1 -6 7 12 -13 -18 -19 -24 25 30 31 36 0
1 6 7 12 -13 -18 -19 -24 25 30 31 36 0
-1 -6 -7 -12 13 18 -19 -24 25 30 31 36 0
1 6 -7 -12 13 18 -19 -24 25 30 31 36 0
-1 -6 7 12 13 18 -19 -24 25 30 31 36 0
1 6 7 12 13 18 -19 -24 25 30 31 36 0
-1 -6 -7 -12 -13 -18 19 24 25 30 31 36 0
1 6 -7 -12 -13 -18 19 24 25 30 31 36 0
-1 -6 7 12 -13 -18 19 24 25 30 31 36 0
1 6 7 12 -13 -18 19 24 25 30 31 36 0
-1 -6 -7 -12 13 18 19 24 25 30 31 36 0
1 6 -7 -12 13 18 19 24 25 30 31 36 0
-1 -6 7 12 13 18 19 24 25 30 31 36 0
1 6 7 12 13 18 19 24 25 30 31 36 0
-2 -3 -8 -9 -14 -15 -20 -21 -26 -27 -32 -33 0
2 3 -8 -9 -14 -15 -20 -21 -26 -27 -32 -33 0
-2 -3 8 9 -14 -15 -20 -21 -26 -27 -32 -33 0
2 3 8 9 -14 -15 -20 -21 -26 -27 -32 -33 0
-2 -3 -8 -9 14 15 -20 -21 -26 -27 -32 -33 0
2 3 -8 -9 14 15 -20 -21 -26 -27 -32 -33 0
-2 -3 8 9 14 15 -20 -21 -26 -27 -32 -33 0
2 3 8 9 14 15 -20 -21 -26 -27 -32 -33 0
-2 -3 -8 -9 -14 -15 20 21 -26 -27 -32 -33 0
2 3 -8 -9 -14 -15 20 21 -26 -27 -32 -33 0
-2 -3 8 9 -14 -15 20 21 -26 -27 -32 -33 0
2 3 8 9 -14 -15 20 21 -26 -27 -32 -33 0
-2 -3 -8 -9 14 15 20 21 -26 -27 -32 -33 0
2 3 -8 -9 14 15 20 21 -26 -27 -32 -33 0
-2 -3 8 9 14 15 20 21 -26 -27 -32 -33 0
2 3 8 9 14 15 20 21 -26 -27 -32 -33 0
-2 -3 -8 -9 -14 -15 -20 -21 26 27 -32 -33 0
2 3 -8 -9 -14 -15 -20 -21 26 27 -32 -33 0
-2 -3 8 9 -14 -15 -20 -21 26 27 -32 -33 0
2 3 8 9 -14 -15 -20 -21 26 27 -32 -33 0
-2 -3 -8 -9 14 15 -20 -21 26 27 -32 -33 0
2 3 -8 -9 14 15 -20 -21 26 27 -32 -33 0
-2 -3 8 9 14 15 -20 -21 26 27 -32 -33 0
2 3 8 9 14 15 -20 -21 26 27 -32 -33 0
-2 -3 -8 -9 -14 -15 20 21 26 27 -32 -33 0
2 3 -8 -9 -14 -15 20 21 26 27 -32 -33 0
-2 -3 8 9 -14 -15 20 21 26 27 -32 -33 0
2 3 8 9 -14 -15 20 21 26 27 -32 -33 0
-2 -3 -8 -9 14 15 20 21 26 27 -32 -33 0
2 3 -8 -9 14 15 20 21 26 27 -32 -33 0
-2 -3 8 9 14 15 20 21 26 27 -32 -33 0
2 3 8 9 14 15 20 21 26 27 -32 -33 0
-2 -3 -8 -9 -14 -15 -20 -21 -26 -27 32 33 0
2 3 -8 -9 -14 -15 -20 -21 -26 -27 32 33 0
-2 -3 8 9 -14 -15 -20 -21 -26 -27 32 33 0
2 3 8 9 -14 -15 -20 -21 -26 -27 32 33 0
-2 -3 -8 -9 14 15 -20 -21 -26 -27 32 33 0
2 3 -8 -9 14 15 -20 -21 -26 -27 32 33 0
-2 -3 8 9 14 15 -20 -21 -26 -27 32 33 0
2 3 8 9 14 15 -20 -21 -26 -27 32 33 0
-2 -3 -8 -9 -14 -15 20 21 -26 -27 32 33 0
2 3 -8 -9 -14 -15 20 21 -26 -27 32 33 0
-2 -3 8 9 -14 -15 20 21 -26 -27 32 33 0
2 3 8 9 -14 -15 20 21 -26 -27 32 33 0
-2 -3 -8 -9 14 15 20 21 -26 -27 32 33 0
2 3 -8 -9 14 15 20 21 -26 -27 32 33 0
-2 -3 8 9 14 15 20 21 -26 -27 32 33 0
2 3 8 9 14 15 20 21 -26 -27 32 33 0
-2 -3 -8 -9 -14 -15 -20 -21 26 27 32 33 0
2 3 -8 -9 -14 -15 -20 -21 26 27 32 33 0
-2 -3 8 9 -14 -15 -20 -21 26 27 32 33 0
2 3 8 9 -14 -15 -20 -21 26 27 32 33 0
-2 -3 -8 -9 14 15 -20 -21 26 27 32 33 0
2 3 -8 -9 14 15 -20 -21 26 27 32 33 0
-2 -3 8 9 14 15 -20 -21 26 27 32 33 0
2 3 8 9 14 15 -20 -21 26 27 32 33 0
-2 -3 -8 -9 -14 -15 20 21 26 27 32 33 0
2 3 -8 -9 -14 -15 20 21 26 27 32 33 0
-2 -3 8 9 -14 -15 20 21 26 27 32 33 0
2 3 8 9 -14 -15 20 21 26 27 32 33 0
-2 -3 -8 -9 14 15 20 21 26 27 32 33 0
2 3 -8 -9 14 15 20 21 26 27 32 33 0
-2 -3 8 9 14 15 20 21 26 27 32 33 0
2 3 8 9 14 15 20 21 26 27 32 33 0
-2 -4 -8 -10 -14 -16 -20 -22 -26 -28 -32 -34 0
2 4 -8 -10 -14 -16 -20 -22 -26 -28 -32 -34 0
-2 -4 8 10 -14 -16 -20 -22 -26 -28 -32 -34 0
2 4 8 10 -14 -16 -20 -22 -26 -28 -32 -34 0
-2 -4 -8 -10 14 16 -20 -22 -26 -28 -32 -34 0
2 4 -8 -10 14 16 -20 -22 -26 -28 -32 -34 0
-2 -4 8 10 14 16 -20 -22 -26 -28 -32 -34 0
2 4 8 10 14 16 -20 -22 -26 -28 -32 -34 0
-2 -4 -8 -10 -14 -16 20 22 -26 -28 -32 -34 0
2 4 -8 -10 -14 -16 20 22 -26 -28 -32 -34 0
-2 -4 8 10 -14 -16 20 22 -26 -28 -32 -34 0
2 4 8 10 -14 -16 20 22 -26 -28 -32 -34 0
-2 -4 -8 -10 14 16 20 22 -26 -28 -32 -34 0
2 4 -8 -10 14 16 20 22 -26 -28 -32 -34 0
-2 -4 8 10 14 16 20 22 -26 -28 -32 -34 0
2 4 8 10 14 16 20 22 -26 -28 -32 -34 0
-2 -4 -8 -10 -14 -16 -20 -22 26 28 -32 -34 0
2 4 -8 -10 -14 -16 -20 -22 26 28 -32 -34 0
-2 -4 8 10 -14 -16 -20 -22 26 28 -32 -34 0
2 4 8 10 -14 -16 -20 -22 26 28 -32 -34 0
-2 -4 -8 -10 14 16 -20 -22 26 28 -32 -34 0
2 4 -8 -10 14 16 -20 -22 26 28 -32 -34 0
-2 -4 8 10 14 16 -20 -22 26 28 -32 -34 0
2 4 8 10 14 16 -20 -22 26 28 -32 -34 0
-2 -4 -8 -10 -14 -16 20 22 26 28 -32 -34 0
2 4 -8 -10 -14 -16 20 22 26 28 -32 -34 0
-2 -4 8 10 -14 -16 20 22 26 28 -32 -34 0
2 4 8 10 -14 -16 20 22 26 28 -32 -34 0
-2 -4 -8 -10 14 16 20 22 26 28 -32 -34 0
2 4 -8 -10 14 16 20 22 26 28 -32 -34 0
-2 -4 8 10 14 16 20 22 26 28 -32 -34 0
2 4 8 10 14 16 20 22 26 28 -32 -34 0
-2 -4 -8 -10 -14 -16 -20 -22 -26 -28 32 34 0
2 4 -8 -10 -14 -16 -20 -22 -26 -28 32 34 0
-2 -4 8 10 -14 -16 -20 -22 -26 -28 32 34 0
2 4 8 10 -14 -16 -20 -22 -26 -28 32 34 0
-2 -4 -8 -10 14 16 -20 -22 -26 -28 32 34 0
2 4 -8 -10 14 16 -20 -22 -26 -28 32 34 0
-2 -4 8 10 14 16 -20 -22 -26 -28 32 34 0
2 4 8 10 14 16 -20 -22 -26 -28 32 34 0
-2 -4 -8 -10 -14 -16 20 22 -26 -28 32 34 0
2 4 -8 -10 -14 -16 20 22 -26 -28 32 34 0
-2 -4 8 10 -14 -16 20 22 -26 -28 32 34 0
2 4 8 10 -14 -16 20 22 -26 -28 32 34 0
-2 -4 -8 -10 14 16 20 22 -26 -28 32 34 0
2 4 -8 -10 14 16 20 22 -26 -28 32 34 0
-2 -4 8 10 14 16 20 22 -26 -28 32 34 0
2 4 8 10 14 16 20 22 -26 -28 32 34 0
-2 -4 -8 -10 -14 -16 -20 -22 26 28 32 34 0
2 4 -8 -10 -14 -16 -20 -22 26 28 32 34 0
-2 -4 8 10 -14 -16 -20 -22 26 28 32 34 0
2 4 8 10 -14 -16 -20 -22 26 28 32 34 0
-2 -4 -8 -10 14 16 -20 -22 26 28 32 34 0
2 4 -8 -10 14 16 -20 -22 26 28 32 34 0
-2 -4 8 10 14 16 -20 -22 26 28 32 34 0
2 4 8 10 14 16 -20 -22 26 28 32 34 0
-2 -4 -8 -10 -14 -16 20 22 26 28 32 34 0
2 4 -8 -10 -14 -16 20 22 26 28 32 34 0
-2 -4 8 10 -14 -16 20 22 26 28 32 34 0
2 4 8 10 -14 -16 20 22 26 28 32 34 0
-2 -4 -8 -10 14 16 20 22 26 28 32 34 0
2 4 -8 -10 14 16 20 22 26 28 32 34 0
-2 -4 8 10 14 16 20 22 26 28 32 34 0
2 4 8 10 14 16 20 22 26 28 32 34 0
-2 -5 -8 -11 -14 -17 -20 -23 -26 -29 -32 -35 0
2 5 -8 -11 -14 -17 -20 -23 -26 -29 -32 -35 0
-2 -5 8 11 -14 -17 -20 -23 -26 -29 -32 -35 0
2 5 8 11 -14 -17 -20 -23 -26 -29 -32 -35 0
-2 -5 -8 -11 14 17 -20 -23 -26 -29 -32 -35 0
2 5 -8 -11 14 17 -20 -23 -26 -29 -32 -35 0
-2 -5 8 11 14 17 -20 -23 -26 -29 -32 -35 0
2 5 8 11 14 17 -20 -23 -26 -29 -32 -35 0
-2 -5 -8 -11 -14 -17 20 23 -26 -29 -32 -35 0
2 5 -8 -11 -14 -17 20 23 -26 -29 -32 -35 0
-2 -5 8 11 -14 -17 20 23 -26 -29 -32 -35 0
2 5 8 11 -14 -17 20 23 -26 -29 -32 -35 0
-2 -5 -8 -11 14 17 20 23 -26 -29 -32 -35 0
2 5 -8 -11 14 17 20 23 -26 -29 -32 -35 0
-2 -5 8 11 14 17 20 23 -26 -29 -32 -35 0
2 5 8 11 14 17 20 23 -26 -29 -32 -35 0
-2 -5 -8 -11 -14 -17 -20 -23 26 29 -32 -35 0
2 5 -8 -11 -14 -17 -20 -23 26 29 -32 -35 0
-2 -5 8 11 -14 -17 -20 -23 26 29 -32 -35 0
2 5 8 11 -14 -17 -20 -23 26 29 -32 -35 0
-2 -5 -8 -11 14 17 -20 -23 26 29 -32 -35 0
2 5 -8 -11 14 17 -20 -23 26 29 -32 -35 0
-2 -5 8 11 14 17 -20 -23 26 29 -32 -35 0
2 5 8 11 14 17 -20 -23 26 29 -32 -35 0
-2 -5 -8 -11 -14 -17 20 23 26 29 -32 -35 0
2 5 -8 -11 -14 -17 20 23 26 29 -32 -35 0
-2 -5 8 11 -14 -17 20 23 26 29 -32 -35 0
2 5 8 11 -14 -17 20 23 26 29 -32 -35 0
-2 -5 -8 -11 14 17 20 23 26 29 -32 -35 0
2 5 -8 -11 14 17 20 23 26 29 -32 -35 0
-2 -5 8 11 14 17 20 23 26 29 -32 -35 0
2 5 8 11 14 17 20 23 26 29 -32 -35 0
-2 -5 -8 -11 -14 -17 -20 -23 -26 -29 32 35 0
2 5 -8 -11 -14 -17 -20 -23 -26 -29 32 35 0
-2 -5 8 11 -14 -17 -20 -23 -26 -29 32 35 0
2 5 8 11 -14 -17 -20 -23 -26 -29 32 35 0
-2 -5 -8 -11 14 17 -20 -23 -26 -29 32 35 0
2 5 -8 -11 14 17 -20 -23 -26 -29 32 35 0
-2 -5 8 11 14 17 -20 -23 -26 -29 32 35 0
2 5 8 11 14 17 -20 -23 -26 -29 32 35 0
-2 -5 -8 -11 -14 -17 20 23 -26 -29 32 35 0
2 5 -8 -11 -14 -17 20 23 -26 -29 32 35 0
-2 -5 8 11 -14 -17 20 23 -26 -29 32 35 0
2 5 8 11 -14 -17 20 23 -26 -29 32 35 0
-2 -5 -8 -11 14 17 20 23 -26 -29 32 35 0
2 5 -8 -11 14 17 20 23 -26 -29 32 35 0
-2 -5 8 11 14 17 20 23 -26 -29 32 35 0
2 5 8 11 14 17 20 23 -26 -29 32 35 0
-2 -5 -8 -11 -14 -17 -20 -23 26 29 32 35 0
2 5 -8 -11 -14 -17 -20 -23 26 29 32 35 0
-2 -5 8 11 -14 -17 -20 -23 26 29 32 35 0
2 5 8 11 -14 -17 -20 -23 26 29 32 35 0
-2 -5 -8 -11 14 17 -20 -23 26 29 32 35 0
2 5 -8 -11 14 17 -20 -23 26 29 32 35 0
-2 -5 8 11 14 17 -20 -23 26 29 32 35 0
2 5 8 11 14 17 -20 -23 26 29 32 35 0
-2 -5 -8 -11 -14 -17 20 23 26 29 32 35 0
2 5 -8 -11 -14 -17 20 23 26 29 32 35 0
-2 -5 8 11 -14 -17 20 23 26 29 32 35 0
2 5 8 11 -14 -17 20 23 26 29 32 35 0
-2 -5 -8 -11 14 17 20 23 26 29 32 35 0
2 5 -8 -11 14 17 20 23 26 29 32 35 0
-2 -5 8 11 14 17 20 23 26 29 32 35 0
2 5 8 11 14 17 20 23 26 29 32 35 0
-2 -6 -8 -12 -14 -18 -20 -24 -26 -30 -32 -36 0
2 6 -8 -12 -14 -18 -20 -24 -26 -30 -32 -36 0
-2 -6 8 12 -14 -18 -20 -24 -26 -30 -32 -36 0
2 6 8 12 -14 -18 -20 -24 -26 -30 -32 -36 0
-2 -6 -8 -12 14 18 -20 -24 -26 -30 -32 -36 0
2 6 -8 -12 14 18 -20 -24 -26 -30 -32 -36 0
-2 -6 8 12 14 18 -20 -24 -26 -30 -32 -36 0
2 6 8 12 14 18 -20 -24 -26 -30 -32 -36 0
-2 -6 -8 -12 -14 -18 20 24 -26 -30 -32 -36 0
2 6 -8 -12 -14 -18 20 24 -26 -30 -32 -36 0
-2 -6 8 12 -14 -18 20 24 -26 -30 -32 -36 0
2 6 8 12 -14 -18 20 24 -26 -30 -32 -36 0
-2 -6 -8 -12 14 18 20 24 -26 -30 -32 -36 0
2 6 -8 -12 14 18 20 24 -26 -30 -32 -36 0
-2 -6 8 12 14 18 20 24 -26 -30 -32 -36 0
2 6 8 12 14 18 20 24 -26 -30 -32 -36 0
-2 -6 -8 -12 -14 -18 -20 -24 26 30 -32 -36 0
2 6 -8 -12 -14 -18 -20 -24 26 30 -32 -36 0
-2 -6 8 12 -14 -18 -20 -24 26 30 -32 -36 0
2 6 8 12 -14 -18 -20 -24 26 30 -32 -36 0
-2 -6 -8 -12 14 18 -20 -24 26 30 -32 -36 0
2 6 -8 -12 14 18 -20 -24 26 30 -32 -36 0
-2 -6 8 12 14 18 -20 -24 26 30 -32 -36 0
2 6 8 12 14 18 -20 -24 26 30 -32 -36 0
-2 -6 -8 -12 -14 -18 20 24 26 30 -32 -36 0
2 6 -8 -12 -14 -18 20 24 26 30 -32 -36 0
-2 -6 8 12 -14 -18 20 24 26 30 -32 -36 0
2 6 8 12 -14 -18 20 24 26 30 -32 -36 0
-2 -6 -8 -12 14 18 20 24 26 30 -32 -36 0
2 6 -8 -12 14 18 20 24 26 30 -32 -36 0
-2 -6 8 12 14 18 20 24 26 30 -32 -36 0
2 6 8 12 14 18 20 24 26 30 -32 -36 0
-2 -6 -8 -12 -14 -18 -20 -24 -26 -30 32 36 0
2 6 -8 -12 -14 -18 -20 -24 -26 -30 32 36 0
-2 -6 8 12 -14 -18 -20 -24 -26 -30 32 36 0
2 6 8 12 -14 -18 -20 -24 -26 -30 32 36 0
-2 -6 -8 -12 14 18 -20 -24 -26 -30 32 36 0
2 6 -8 -12 14 18 -20 -24 -26 -30 32 36 0
-2 -6 8 12 14 18 -20 -24 -26 -30 32 36 0
2 6 8 12 14 18 -20 -24 -26 -30 32 36 0
-2 -6 -8 -12 -14 -18 20 24 -26 -30 32 36 0
2 6 -8 -12 -14 -18 20 24 -26 -30 32 36 0
-2 -6 8 12 -14 -18 20 24 -26 -30 32 36 0
2 6 8 12 -14 -18 20 24 -26 -30 32 36 0
-2 -6 -8 -12 14 18 20 24 -26 -30 32 36 0
2 6 -8 -12 14 18 20 24 -26 -30 32 36 0
-2 -6 8 12 14 18 20 24 -26 -30 32 36 0
2 6 8 12 14 18 20 24 -26 -30 32 36 0
-2 -6 -8 -12 -14 -18 -20 -24 26 30 32 36 0
2 6 -8 -12 -14 -18 -20 -24 26 30 32 36 0
-2 -6 8 12 -14 -18 -20 -24 26 30 32 36 0
2 6 8 12 -14 -18 -20 -24 26 30 32 36 0
-2 -6 -8 -12 14 18 -20 -24 26 30 32 36 0
2 6 -8 -12 14 18 -20 -24 26 30 32 36 0
-2 -6 8 12 14 18 -20 -24 26 30 32 36 0
2 6 8 12 14 18 -20 -24 26 30 32 36 0
-2 -6 -8 -12 -14 -18 20 24 26 30 32 36 0
2 6 -8 -12 -14 -18 20 24 26 30 32 36 0
-2 -6 8 12 -14 -18 20 24 26 30 32 36 0
2 6 8 12 -14 -18 20 24 26 30 32 36 0
-2 -6 -8 -12 14 18 20 24 26 30 32 36 0
2 6 -8 -12 14 18 20 24 26 30 32 36 0
-2 -6 8 12 14 18 20 24 26 30 32 36 0
2 6 8 12 14 18 20 24 26 30 32 36 0
-3 -4 -9 -10 -15 -16 -21 -22 -27 -28 -33 -34 0
3 4 -9 -10 -15 -16 -21 -22 -27 -28 -33 -34 0
-3 -4 9 10 -15 -16 -21 -22 -27 -28 -33 -34 0
3 4 9 10 -15 -16 -21 -22 -27 -28 -33 -34 0
-3 -4 -9 -10 15 16 -21 -22 -27 -28 -33 -34 0
3 4 -9 -10 15 16 -21 -22 -27 -28 -33 -34 0
-3 -4 9 10 15 16 -21 -22 -27 -28 -33 -34 0
3 4 9 10 15 16 -21 -22 -27 -28 -33 -34 0
-3 -4 -9 -10 -15 -16 21 22 -27 -28 -33 -34 0
3 4 -9 -10 -15 -16 21 22 -27 -28 -33 -34 0
-3 -4 9 10 -15 -16 21 22 -27 -28 -33 -34 0
3 4 9 10 -15 -16 21 22 -27 -28 -33 -34 0
-3 -4 -9 -10 15 16 21 22 -27 -28 -33 -34 0
3 4 -9 -10 15 16 21 22 -27 -28 -33 -34 0
-3 -4 9 10 15 16 21 22 -27 -28 -33 -34 0
3 4 9 10 15 16 21 22 -27 -28 -33 -34 0
-3 -4 -9 -10 -15 -16 -21 -22 27 28 -33 -34 0
3 4 -9 -10 -15 -16 -21 -22 27 28 -33 -34 0
-3 -4 9 10 -15 -16 -21 -22 27 28 -33 -34 0
3 4 9 10 -15 -16 -21 -22 27 28 -33 -34 0
-3 -4 -9 -10 15 16 -21 -22 27 28 -33 -34 0
3 4 -9 -10 15 16 -21 -22 27 28 -33 -34 0
-3 -4 9 10 15 16 -21 -22 27 28 -33 -34 0
3 4 9 10 15 16 -21 -22 27 28 -33 -34 0
-3 -4 -9 -10 -15 -16 21 22 27 28 -33 -34 0
3 4 -9 -10 -15 -16 21 22 27 28 -33 -34 0
-3 -4 9 10 -15 -16 21 22 27 28 -33 -34 0
3 4 9 10 -15 -16 21 22 27 28 -33 -34 0
-3 -4 -9 -10 15 16 21 22 27 28 -33 -34 0
3 4 -9 -10 15 16 21 22 27 28 -33 -34 0
-3 -4 9 10 15 16 21 22 27 28 -33 -34 0
3 4 9 10 15 16 21 22 27 28 -33 -34 0
-3 -4 -9 -10 -15 -16 -21 -22 -27 -28 33 34 0
3 4 -9 -10 -15 -16 -21 -22 -27 -28 33 34 0
-3 -4 9 10 -15 -16 -21 -22 -27 -28 33 34 0
3 4 9 10 -15 -16 -21 -22 -27 -28 33 34 0
-3 -4 -9 -10 15 16 -21 -22 -27 -28 33 34 0
3 4 -9 -10 15 16 -21 -22 -27 -28 33 34 0
-3 -4 9 10 15 16 -21 -22 -27 -28 33 34 0
3 4 9 10 15 16 -21 -22 -27 -28 33 34 0
-3 -4 -9 -10 -15 -16 21 22 -27 -28 33 34 0
3 4 -9 -10 -15 -16 21 22 -27 -28 33 34 0
-3 -4 9 10 -15 -16 21 22 -27 -28 33 34 0
3 4 9 10 -15 -16 21 22 -27 -28 33 34 0
-3 -4 -9 -10 15 16 21 22 -27 -28 33 34 0
3 4 -9 -10 15 16 21 22 -27 -28 33 34 0
-3 -4 9 10 15 16 21 22 -27 -28 33 34 0
3 4 9 10 15 16 21 22 -27 -28 33 34 0
-3 -4 -9 -10 -15 -16 -21 -22 27 28 33 34 0
3 4 -9 -10 -15 -16 -21 -22 27 28 33 34 0
-3 -4 9 10 -15 -16 -21 -22 27 28 33 34 0
3 4 9 10 -15 -16 -21 -22 27 28 33 34 0
-3 -4 -9 -10 15 16 -21 -22 27 28 33 34 0
3 4 -9 -10 15 16 -21 -22 27 28 33 34 0
-3 -4 9 10 15 16 -21 -22 27 28 33 34 0
3 4 9 10 15 16 -21 -22 27 28 33 34 0
-3 -4 -9 -10 -15 -16 21 22 27 28 33 34 0
3 4 -9 -10 -15 -16 21 22 27 28 33 34 0
-3 -4 9 10 -15 -16 21 22 27 28 33 34 0
3 4 9 10 -15 -16 21 22 27 28 33 34 0
-3 -4 -9 -10 15 16 21 22 27 28 33 34 0
3 4 -9 -10 15 16 21 22 27 28 33 34 0
-3 -4 9 10 15 16 21 22 27 28 33 34 0
3 4 9 10 15 16 21 22 27 28 33 34 0
-3 -5 -9 -11 -15 -17 -21 -23 -27 -29 -33 -35 0
3 5 -9 -11 -15 -17 -21 -23 -27 -29 -33 -35 0
-3 -5 9 11 -15 -17 -21 -23 -27 -29 -33 -35 0
3 5 9 11 -15 -17 -21 -23 -27 -29 -33 -35 0
-3 -5 -9 -11 15 17 -21 -23 -27 -29 -33 -35 0
3 5 -9 -11 15 17 -21 -23 -27 -29 -33 -35 0
-3 -5 9 11 15 17 -21 -23 -27 -29 -33 -35 0
3 5 9 11 15 17 -21 -23 -27 -29 -33 -35 0
-3 -5 -9 -11 -15 -17 21 23 -27 -29 -33 -35 0
3 5 -9 -11 -15 -17 21 23 -27 -29 -33 -35 0
-3 -5 9 11 -15 -17 21 23 -27 -29 -33 -35 0
3 5 9 11 -15 -17 21 23 -27 -29 -33 -35 0
-3 -5 -9 -11 15 17 21 23 -27 -29 -33 -35 0
3 5 -9 -11 15 17 21 23 -27 -29 -33 -35 0
-3 -5 9 11 15 17 21 23 -27 -29 -33 -35 0
3 5 9 11 15 17 21 23 -27 -29 -33 -35 0
-3 -5 -9 -11 -15 -17 -21 -23 27 29 -33 -35 0
3 5 -9 -11 -15 -17 -21 -23 27 29 -33 -35 0
-3 -5 9 11 -15 -17 -21 -23 27 29 -33 -35 0
3 5 9 11 -15 -17 -21 -23 27 29 -33 -35 0
-3 -5 -9 -11 15 17 -21 -23 27 29 -33 -35 0
3 5 -9 -11 15 17 -21 -23 27 29 -33 -35 0
-3 -5 9 11 15 17 -21 -23 27 29 -33 -35 0
3 5 9 11 15 17 -21 -23 27 29 -33 -35 0
-3 -5 -9 -11 -15 -17 21 23 27 29 -33 -35 0
3 5 -9 -11 -15 -17 21 23 27 29 -33 -35 0
-3 -5 9 11 -15 -17 21 23 27 29 -33 -35 0
3 5 9 11 -15 -17 21 23 27 29 -33 -35 0
-3 -5 -9 -11 15 17 21 23 27 29 -33 -35 0
3 5 -9 -11 15 17 21 23 27 29 -33 -35 0
-3 -5 9 11 15 17 21 23 27 29 -33 -35 0
3 5 9 11 15 17 21 23 27 29 -33 -35 0
-3 -5 -9 -11 -15 -17 -21 -23 -27 -29 33 35 0
3 5 -9 -11 -15 -17 -21 -23 -27 -29 33 35 0
-3 -5 9 11 -15 -17 -21 -23 -27 -29 33 35 0
3 5 9 11 -15 -17 -21 -23 -27 -29 33 35 0
-3 -5 -9 -11 15 17 -21 -23 -27 -29 33 35 0
3 5 -9 -11 15 17 -21 -23 -27 -29 33 35 0
-3 -5 9 11 15 17 -21 -23 -27 -29 33 35 0
3 5 9 11 15 17 -21 -23 -27 -29 33 35 0
-3 -5 -9 -11 -15 -17 21 23 -27 -29 33 35 0
3 5 -9 -11 -15 -17 21 23 -27 -29 33 35 0
-3 -5 9 11 -15 -17 21 23 -27 -29 33 35 0
3 5 9 11 -15 -17 21 23 -27 -29 33 35 0
-3 -5 -9 -11 15 17 21 23 -27 -29 33 35 0
3 5 -9 -11 15 17 21 23 -27 -29 33 35 0
-3 -5 9 11 15 17 21 23 -27 -29 33 35 0
3 5 9 11 15 17 21 23 -27 -29 33 35 0
-3 -5 -9 -11 -15 -17 -21 -23 27 29 33 35 0
3 5 -9 -11 -15 -17 -21 -23 27 29 33 35 0
-3 -5 9 11 -15 -17 -21 -23 27 29 33 35 0
3 5 9 11 -15 -17 -21 -23 27 29 33 35 0
-3 -5 -9 -11 15 17 -21 -23 27 29 33 35 0
3 5 -9 -11 15 17 -21 -23 27 29 33 35 0
-3 -5 9 11 15 17 -21 -23 27 29 33 35 0
3 5 9 11 15 17 -21 -23 27 29 33 35 0
-3 -5 -9 -11 -15 -17 21 23 27 29 33 35 0
3 5 -9 -11 -15 -17 21 23 27 29 33 35 0
-3 -5 9 11 -15 -17 21 23 27 29 33 35 0
3 5 9 11 -15 -17 21 23 27 29 33 35 0
-3 -5 -9 -11 15 17 21 23 27 29 33 35 0
3 5 -9 -11 15 17 21 23 27 29 33 35 0
-3 -5 9 11 15 17 21 23 27 29 33 35 0
3 5 9 11 15 17 21 23 27 29 33 35 0
-3 -6 -9 -12 -15 -18 -21 -24 -27 -30 -33 -36 0
3 6 -9 -12 -15 -18 -21 -24 -27 -30 -33 -36 0
-3 -6 9 12 -15 -18 -21 -24 -27 -30 -33 -36 0
3 6 9 12 -15 -18 -21 -24 -27 -30 -33 -36 0
-3 -6 -9 -12 15 18 -21 -24 -27 -30 -33 -36 0
3 6 -9 -12 15 18 -21 -24 -27 -30 -33 -36 0
-3 -6 9 12 15 18 -21 -24 -27 -30 -33 -36 0
3 6 9 12 15 18 -21 -24 -27 -30 -33 -36 0
-3 -6 -9 -12 -15 -18 21 24 -27 -30 -33 -36 0
3 6 -9 -12 -15 -18 21 24 -27 -30 -33 -36 0
-3 -6 9 12 -15 -18 21 24 -27 -30 -33 -36 0
3 6 9 12 -15 -18 21 24 -27 -30 -33 -36 0
-3 -6 -9 -12 15 18 21 24 -27 -30 -33 -36 0
3 6 -9 -12 15 18 21 24 -27 -30 -33 -36 0
-3 -6 9 12 15 18 21 24 -27 -30 -33 -36 0
3 6 9 12 15 18 21 24 -27 -30 -33 -36 0
-3 -6 -9 -12 -15 -18 -21 -24 27 30 -33 -36 0
3 6 -9 -12 -15 -18 -21 -24 27 30 -33 -36 0
-3 -6 9 12 -15 -18 -21 -24 27 30 -33 -36 0
3 6 9 12 -15 -18 -21 -24 27 30 -33 -36 0
-3 -6 -9 -12 15 18 -21 -24 27 30 -33 -36 0
3 6 -9 -12 15 18 -21 -24 27 30 -33 -36 0
-3 -6 9 12 15 18 -21 -24 27 30 -33 -36 0
3 6 9 12 15 18 -21 -24 27 30 -33 -36 0
-3 -6 -9 -12 -15 -18 21 24 27 30 -33 -36 0
3 6 -9 -12 -15 -18 21 24 27 30 -33 -36 0
-3 -6 9 12 -15 -18 21 24 27 30 -33 -36 0
3 6 9 12 -15 -18 21 24 27 30 -33 -36 0
-3 -6 -9 -12 15 18 21 24 27 30 -33 -36 0
3 6 -9 -12 15 18 21 24 27 30 -33 -36 0
-3 -6 9 12 15 18 21 24 27 30 -33 -36 0
3 6 9 12 15 18 21 24 27 30 -33 -36 0
-3 -6 -9 -12 -15 -18 -21 -24 -27 -30 33 36 0
3 6 -9 -12 -15 -18 -21 -24 -27 -30 33 36 0
-3 -6 9 12 -15 -18 -21 -24 -27 -30 33 36 0
3 6 9 12 -15 -18 -21 -24 -27 -30 33 36 0
-3 -6 -9 -12 15 18 -21 -24 -27 -30 33 36 0
3 6 -9 -12 15 18 -21 -24 -27 -30 33 36 0
-3 -6 9 12 15 18 -21 -24 -27 -30 33 36 0
3 6 9 12 15 18 -21 -24 -27 -30 33 36 0
-3 -6 -9 -12 -15 -18 21 24 -27 -30 33 36 0
3 6 -9 -12 -15 -18 21 24 -27 -30 33 36 0
-3 -6 9 12 -15 -18 21 24 -27 -30 33 36 0
3 6 9 12 -15 -18 21 24 -27 -30 33 36 0
-3 -6 -9 -12 15 18 21 24 -27 -30 33 36 0
3 6 -9 -12 15 18 21 24 -27 -30 33 36 0
-3 -6 9 12 15 18 21 24 -27 -30 33 36 0
3 6 9 12 15 18 21 24 -27 -30 33 36 0
-3 -6 -9 -12 -15 -18 -21 -24 27 30 33 36 0
3 6 -9 -12 -15 -18 -21 -24 27 30 33 36 0
-3 -6 9 12 -15 -18 -21 -24 27 30 33 36 0
3 6 9 12 -15 -18 -21 -24 27 30 33 36 0
-3 -6 -9 -12 15 18 -21 -24 27 30 33 36 0
3 6 -9 -12 15 18 -21 -24 27 30 33 36 0
-3 -6 9 12 15 18 -21 -24 27 30 33 36 0
3 6 9 12 15 18 -21 -24 27 30 33 36 0
-3 -6 -9 -12 -15 -18 21 24 27 30 33 36 0
3 6 -9 -12 -15 -18 21 24 27 30 33 36 0
-3 -6 9 12 -15 -18 21 24 27 30 33 36 0
3 6 9 12 -15 -18 21 24 27 30 33 36 0
-3 -6 -9 -12 15 18 21 24 27 30 33 36 0
3 6 -9 -12 15 18 21 24 27 30 33 36 0
-3 -6 9 12 15 18 21 24 27 30 33 36 0
3 6 9 12 15 18 21 24 27 30 33 36 0
-4 -5 -10 -11 -16 -17 -22 -23 -28 -29 -34 -35 0
4 5 -10 -11 -16 -17 -22 -23 -28 -29 -34 -35 0
-4 -5 10 11 -16 -17 -22 -23 -28 -29 -34 -35 0
4 5 10 11 -16 -17 -22 -23 -28 -29 -34 -35 0
-4 -5 -10 -11 16 17 -22 -23 -28 -29 -34 -35 0
4 5 -10 -11 16 17 -22 -23 -28 -29 -34 -35 0
-4 -5 10 11 16 17 -22 -23 -28 -29 -34 -35 0
4 5 10 11 16 17 -22 -23 -28 -29 -34 -35 0
-4 -5 -10 -11 -16 -17 22 23 -28 -29 -34 -35 0
4 5 -10 -11 -16 -17 22 23 -28 -29 -34 -35 0
-4 -5 10 11 -16 -17 22 23 -28 -29 -34 -35 0
4 5 10 11 -16 -17 22 23 -28 -29 -34 -35 0
-4 -5 -10 -11 16 17 22 23 -28 -29 -34 -35 0
4 5 -10 -11 16 17 22 23 -28 -29 -34 -35 0
-4 -5 10 11 16 17 22 23 -28 -29 -34 -35 0
4 5 10 11 16 17 22 23 -28 -29 -34 -35 0
-4 -5 -10 -11 -16 -17 -22 -23 28 29 -34 -35 0
4 5 -10 -11 -16 -17 -22 -23 28 29 -34 -35 0
-4 -5 10 11 -16 -17 -22 -23 28 29 -34 -35 0
4 5 10 11 -16 -17 -22 -23 28 29 -34 -35 0
-4 -5 -10 -11 16 17 -22 -23 28 29 -34 -35 0
4 5 -10 -11 16 17 -22 -23 28 29 -34 -35 0
-4 -5 10 11 16 17 -22 -23 28 29 -34 -35 0
4 5 10 11 16 17 -22 -23 28 29 -34 -35 0
-4 -5 -10 -11 -16 -17 22 23 28 29 -34 -35 0
4 5 -10 -11 -16 -17 22 23 28 29 -34 -35 0
-4 -5 10 11 -16 -17 22 23 28 29 -34 -35 0
4 5 10 11 -16 -17 22 23 28 29 -34 -35 0
-4 -5 -10 -11 16 17 22 23 28 29 -34 -35 0
4 5 -10 -11 16 17 22 23 28 29 -34 -35 0
-4 -5 10 11 16 17 22 23 28 29 -34 -35 0
4 5 10 11 16 17 22 23 28 29 -34 -35 0
-4 -5 -10 -11 -16 -17 -22 -23 -28 -29 34 35 0
4 5 -10 -11 -16 -17 -22 -23 -28 -29 34 35 0
-4 -5 10 11 -16 -17 -22 -23 -28 -29 34 35 0
4 5 10 11 -16 -17 -22 -23 -28 -29 34 35 0
-4 -5 -10 -11 16 17 -22 -23 -28 -29 34 35 0
4 5 -10 -11 16 17 -22 -23 -28 -29 34 35 0
-4 -5 10 11 16 17 -22 -23 -28 -29 34 35 0
4 5 10 11 16 17 -22 -23 -28 -29 34 35 0
-4 -5 -10 -11 -16 -17 22 23 -28 -29 34 35 0
4 5 -10 -11 -16 -17 22 23 -28 -29 34 35 0
-4 -5 10 11 -16 -17 22 23 -28 -29 34 35 0
4 5 10 11 -16 -17 22 23 -28 -29 34 35 0
-4 -5 -10 -11 16 17 22 23 -28 -29 34 35 0
4 5 -10 -11 16 17 22 23 -28 -29 34 35 0
-4 -5 10 11 16 17 22 23 -28 -29 34 35 0
4 5 10 11 16 17 22 23 -28 -29 34 35 0
-4 -5 -10 -11 -16 -17 -22 -23 28 29 34 35 0
4 5 -10 -11 -16 -17 -22 -23 28 29 34 35 0
-4 -5 10 11 -16 -17 -22 -23 28 29 34 35 0
4 5 10 11 -16 -17 -22 -23 28 29 34 35 0
-4 -5 -10 -11 16 17 -22 -23 28 29 34 35 0
4 5 -10 -11 16 17 -22 -23 28 29 34 35 0
-4 -5 10 11 16 17 -22 -23 28 29 34 35 0
4 5 10 11 16 17 -22 -23 28 29 34 35 0
-4 -5 -10 -11 -16 -17 22 23 28 29 34 35 0
4 5 -10 -11 -16 -17 22 23 28 29 34 35 0
-4 -5 10 11 -16 -17 22 23 28 29 34 35 0
4 5 10 11 -16 -17 22 23 28 29 34 35 0
-4 -5 -10 -11 16 17 22 23 28 29 34 35 0
4 5 -10 -11 16 17 22 23 28 29 34 35 0
-4 -5 10 11 16 17 22 23 28 29 34 35 0
4 5 10 11 16 17 22 23 28 29 34 35 0
-4 -6 -10 -12 -16 -18 -22 -24 -28 -30 -34 -36 0
4 6 -10 -12 -16 -18 -22 -24 -28 -30 -34 -36 0
-4 -6 10 12 -16 -18 -22 -24 -28 -30 -34 -36 0
4 6 10 12 -16 -18 -22 -24 -28 -30 -34 -36 0
-4 -6 -10 -12 16 18 -22 -24 -28 -30 -34 -36 0
4 6 -10 -12 16 18 -22 -24 -28 -30 -34 -36 0
-4 -6 10 12 16 18 -22 -24 -28 -30 -34 -36 0
4 6 10 12 16 18 -22 -24 -28 -30 -34 -36 0
-4 -6 -10 -12 -16 -18 22 24 -28 -30 -34 -36 0
4 6 -10 -12 -16 -18 22 24 -28 -30 -34 -36 0
-4 -6 10 12 -16 -18 22 24 -28 -30 -34 -36 0
4 6 10 12 -16 -18 22 24 -28 -30 -34 -36 0
-4 -6 -10 -12 16 18 22 24 -28 -30 -34 -36 0
4 6 -10 -12 16 18 22 24 -28 -30 -34 -36 0
-4 -6 10 12 16 18 22 24 -28 -30 -34 -36 0
4 6 10 12 16 18 22 24 -28 -30 -34 -36 0
-4 -6 -10 -12 -16 -18 -22 -24 28 30 -34 -36 0
4 6 -10 -12 -16 -18 -22 -24 28 30 -34 -36 0
-4 -6 10 12 -16 -18 -22 -24 28 30 -34 -36 0
4 6 10 12 -16 -18 -22 -24 28 30 -34 -36 0
-4 -6 -10 -12 16 18 -22 -24 28 30 -34 -36 0
4 6 -10 -12 16 18 -22 -24 28 30 -34 -36 0
-4 -6 10 12 16 18 -22 -24 28 30 -34 -36 0
4 6 10 12 16 18 -22 -24 28 30 -34 -36 0
-4 -6 -10 -12 -16 -18 22 24 28 30 -34 -36 0
4 6 -10 -12 -16 -18 22 24 28 30 -34 -36 0
-4 -6 10 12 -16 -18 22 24 28 30 -34 -36 0
4 6 10 12 -16 -18 22 24 28 30 -34 -36 0
-4 -6 -10 -12 16 18 22 24 28 30 -34 -36 0
4 6 -10 -12 16 18 22 24 28 30 -34 -36 0
-4 -6 10 12 16 18 22 24 28 30 -34 -36 0
4 6 10 12 16 18 22 24 28 30 -34 -36 0
-4 -6 -10 -12 -16 -18 -22 -24 -28 -30 34 36 0
4 6 -10 -12 -16 -18 -22 -24 -28 -30 34 36 0
-4 -6 10 12 -16 -18 -22 -24 -28 -30 34 36 0
4 6 10 12 -16 -18 -22 -24 -28 -30 34 36 0
-4 -6 -10 -12 16 18 -22 -24 -28 -30 34 36 0
4 6 -10 -12 16 18 -22 -24 -28 -30 34 36 0
-4 -6 10 12 16 18 -22 -24 -28 -30 34 36 0
4 6 10 12 16 18 -22 -24 -28 -30 34 36 0
-4 -6 -10 -12 -16 -18 22 24 -28 -30 34 36 0
4 6 -10 -12 -16 -18 22 24 -28 -30 34 36 0
-4 -6 10 12 -16 -18 22 24 -28 -30 34 36 0
4 6 10 12 -16 -18 22 24 -28 -30 34 36 0
-4 -6 -10 -12 16 18 22 24 -28 -30 34 36 0
4 6 -10 -12 16 18 22 24 -28 -30 34 36 0
-4 -6 10 12 16 18 22 24 -28 -30 34 36 0
4 6 10 12 16 18 22 24 -28 -30 34 36 0
-4 -6 -10 -12 -16 -18 -22 -24 28 30 34 36 0
4 6 -10 -12 -16 -18 -22 -24 28 30 34 36 0
-4 -6 10 12 -16 -18 -22 -24 28 30 34 36 0
4 6 10 12 -16 -18 -22 -24 28 30 34 36 0
-4 -6 -10 -12 16 18 -22 -24 28 30 34 36 0
4 6 -10 -12 16 18 -22 -24 28 30 34 36 0
-4 -6 10 12 16 18 -22 -24 28 30 34 36 0
4 6 10 12 16 18 -22 -24 28 30 34 36 0
-4 -6 -10 -12 -16 -18 22 24 28 30 34 36 0
4 6 -10 -12 -16 -18 22 24 28 30 34 36 0
-4 -6 10 12 -16 -18 22 24 28 30 34 36 0
4 6 10 12 -16 -18 22 24 28 30 34 36 0
-4 -6 -10 -12 16 18 22 24 28 30 34 36 0
4 6 -10 -12 16 18 22 24 28 30 34 36 0
-4 -6 10 12 16 18 22 24 28 30 34 36 0
4 6 10 12 16 18 22 24 28 30 34 36 0
-5 -6 -11 -12 -17 -18 -23 -24 -29 -30 -35 -36 0
5 6 -11 -12 -17 -18 -23 -24 -29 -30 -35 -36 0
-5 -6 11 12 -17 -18 -23 -24 -29 -30 -35 -36 0
5 6 11 12 -17 -18 -23 -24 -29 -30 -35 -36 0
-5 -6 -11 -12 17 18 -23 -24 -29 -30 -35 -36 0
5 6 -11 -12 17 18 -23 -24 -29 -30 -35 -36 0
-5 -6 11 12 17 18 -23 -24 -29 -30 -35 -36 0
5 6 11 12 17 18 -23 -24 -29 -30 -35 -36 0
-5 -6 -11 -12 -17 -18 23 24 -29 -30 -35 -36 0
5 6 -11 -12 -17 -18 23 24 -29 -30 -35 -36 0
-5 -6 11 12 -17 -18 23 24 -29 -30 -35 -36 0
5 6 11 12 -17 -18 23 24 -29 -30 -35 -36 0
-5 -6 -11 -12 17 18 23 24 -29 -30 -35 -36 0
5 6 -11 -12 17 18 23 24 -29 -30 -35 -36 0
-5 -6 11 12 17 18 23 24 -29 -30 -35 -36 0
5 6 11 12 17 18 23 24 -29 -30 -35 -36 0
-5 -6 -11 -12 -17 -18 -23 -24 29 30 -35 -36 0
5 6 -11 -12 -17 -18 -23 -24 29 30 -35 -36 0
-5 -6 11 12 -17 -18 -23 -24 29 30 -35 -36 0
5 6 11 12 -17 -18 -23 -24 29 30 -35 -36 0
-5 -6 -11 -12 17 18 -23 -24 29 30 -35 -36 0
5 6 -11 -12 17 18 -23 -24 29 30 -35 -36 0
-5 -6 11 12 17 18 -23 -24 29 30 -35 -36 0
5 6 11 12 17 18 -23 -24 29 30 -35 -36 0
-5 -6 -11 -12 -17 -18 23 24 29 30 -35 -36 0
5 6 -11 -12 -17 -18 23 24 29 30 -35 -36 0
-5 -6 11 12 -17 -18 23 24 29 30 -35 -36 0
5 6 11 12 -17 -18 23 24 29 30 -35 -36 0
-5 -6 -11 -12 17 18 23 24 29 30 -35 -36 0
5 6 -11 -12 17 18 23 24 29 30 -35 -36 0
-5 -6 11 12 17 18 23 24 29 30 -35 -36 0
5 6 11 12 17 18 23 24 29 30 -35 -36 0
-5 -6 -11 -12 -17 -18 -23 -24 -29 -30 35 36 0
5 6 -11 -12 -17 -18 -23 -24 -29 -30 35 36 0
-5 -6 11 12 -17 -18 -23 -24 -29 -30 35 36 0
5 6 11 12 -17 -18 -23 -24 -29 -30 35 36 0
-5 -6 -11 -12 17 18 -23 -24 -29 -30 35 36 0
5 6 -11 -12 17 18 -23 -24 -29 -30 35 36 0
-5 -6 11 12 17 18 -23 -24 -29 -30 35 36 0
5 6 11 12 17 18 -23 -24 -29 -30 35 36 0
-5 -6 -11 -12 -17 -18 23 24 -29 -30 35 36 0
5 6 -11 -12 -17 -18 23 24 -29 -30 35 36 0
-5 -6 11 12 -17 -18 23 24 -29 -30 35 36 0
5 6 11 12 -17 -18 23 24 -29 -30 35 36 0
-5 -6 -11 -12 17 18 23 24 -29 -30 35 36 0
5 6 -11 -12 17 18 23 24 -29 -30 35 36 0
-5 -6 11 12 17 18 23 24 -29 -30 35 36 0
5 6 11 12 17 18 23 24 -29 -30 35 36 0
-5 -6 -11 -12 -17 -18 -23 -24 29 30 35 36 0
5 6 -11 -12 -17 -18 -23 -24 29 30 35 36 0
-5 -6 11 12 -17 -18 -23 -24 29 30 35 36 0
5 6 11 12 -17 -18 -23 -24 29 30 35 36 0
-5 -6 -11 -12 17 18 -23 -24 29 30 35 36 0
5 6 -11 -12 17 18 -23 -24 29 30 35 36 0
-5 -6 11 12 17 18 -23 -24 29 30 35 36 0
5 6 11 12 17 18 -23 -24 29 30 35 36 0
-5 -6 -11 -12 -17 -18 23 24 29 30 35 36 0
5 6 -11 -12 -17 -18 23 24 29 30 35 36 0
-5 -6 11 12 -17 -18 23 24 29 30 35 36 0
5 6 11 12 -17 -18 23 24 29 30 35 36 0
-5 -6 -11 -12 17 18 23 24 29 30 35 36 0
5 6 -11 -12 17 18 23 24 29 30 35 36 0
-5 -6 11 12 17 18 23 24 29 30 35 36 0
5 6 11 12 17 18 23 24 29 30 35 36 0
-1 -7 -2 -8 -3 -9 -4 -10 -5 -11 -6 -12 0
1 7 -2 -8 -3 -9 -4 -10 -5 -11 -6 -12 0
-1 -7 2 8 -3 -9 -4 -10 -5 -11 -6 -12 0
1 7 2 8 -3 -9 -4 -10 -5 -11 -6 -12 0
-1 -7 -2 -8 3 9 -4 -10 -5 -11 -6 -12 0
1 7 -2 -8 3 9 -4 -10 -5 -11 -6 -12 0
-1 -7 2 8 3 9 -4 -10 -5 -11 -6 -12 0
1 7 2 8 3 9 -4 -10 -5 -11 -6 -12 0
-1 -7 -2 -8 -3 -9 4 10 -5 -11 -6 -12 0
1 7 -2 -8 -3 -9 4 10 -5 -11 -6 -12 0
-1 -7 2 8 -3 -9 4 10 -5 -11 -6 -12 0
1 7 2 8 -3 -9 4 10 -5 -11 -6 -12 0
-1 -7 -2 -8 3 9 4 10 -5 -11 -6 -12 0
1 7 -2 -8 3 9 4 10 -5 -11 -6 -12 0
-1 -7 2 8 3 9 4 10 -5 -11 -6 -12 0
1 7 2 8 3 9 4 10 -5 -11 -6 -12 0
-1 -7 -2 -8 -3 -9 -4 -10 5 11 -6 -12 0
1 7 -2 -8 -3 -9 -4 -10 5 11 -6 -12 0
-1 -7 2 8 -3 -9 -4 -10 5 11 -6 -12 0
1 7 2 8 -3 -9 -4 -10 5 11 -6 -12 0
-1 -7 -2 -8 3 9 -4 -10 5 11 -6 -12 0
1 7 -2 -8 3 9 -4 -10 5 11 -6 -12 0
-1 -7 2 8 3 9 -4 -10 5 11 -6 -12 0
1 7 2 8 3 9 -4 -10 5 11 -6 -12 0
-1 -7 -2 -8 -3 -9 4 10 5 11 -6 -12 0
1 7 -2 -8 -3 -9 4 10 5 11 -6 -12 0
-1 -7 2 8 -3 -9 4 10 5 11 -6 -12 0
1 7 2 8 -3 -9 4 10 5 11 -6 -12 0
-1 -7 -2 -8 3 9 4 10 5 11 -6 -12 0
1 7 -2 -8 3 9 4 10 5 11 -6 -12 0
-1 -7 2 8 3 9 4 10 5 11 -6 -12 0
1 7 2 8 3 9 4 10 5 11 -6 -12 0
-1 -7 -2 -8 -3 -9 -4 -10 -5 -11 6 12 0
1 7 -2 -8 -3 -9 -4 -10 -5 -11 6 12 0
-1 -7 2 8 -3 -9 -4 -10 -5 -11 6 12 0
1 7 2 8 -3 -9 -4 -10 -5 -11 6 12 0
-1 -7 -2 -8 3 9 -4 -10 -5 -11 6 12 0
1 7 -2 -8 3 9 -4 -10 -5 -11 6 12 0
-1 -7 2 8 3 9 -4 -10 -5 -11 6 12 0
1 7 2 8 3 9 -4 -10 -5 -11 6 12 0
-1 -7 -2 -8 -3 -9 4 10 -5 -11 6 12 0
1 7 -2 -8 -3 -9 4 10 -5 -11 6 12 0
-1 -7 2 8 -3 -9 4 10 -5 -11 6 12 0
1 7 2 8 -3 -9 4 10 -5 -11 6 12 0
-1 -7 -2 -8 3 9 4 10 -5 -11 6 12 0
1 7 -2 -8 3 9 4 10 -5 -11 6 12 0
-1 -7 2 8 3 9 4 10 -5 -11 6 12 0
1 7 2 8 3 9 4 10 -5 -11 6 12 0
-1 -7 -2 -8 -3 -9 -4 -10 5 11 6 12 0
1 7 -2 -8 -3 -9 -4 -10 5 11 6 12 0
-1 -7 2 8 -3 -9 -4 -10 5 11 6 12 0
1 7 2 8 -3 -9 -4 -10 5 11 6 12 0
-1 -7 -2 -8 3 9 -4 -10 5 11 6 12 0
1 7 -2 -8 3 9 -4 -10 5 11 6 12 0
-1 -7 2 8 3 9 -4 -10 5 11 6 12 0
1 7 2 8 3 9 -4 -10 5 11 6 12 0
-1 -7 -2 -8 -3 -9 4 10 5 11 6 12 0
1 7 -2 -8 -3 -9 4 10 5 11 6 12 0
-1 -7 2 8 -3 -9 4 10 5 11 6 12 0
1 7 2 8 -3 -9 4 10 5 11 6 12 0
-1 -7 -2 -8 3 9 4 10 5 11 6 12 0
1 7 -2 -8 3 9 4 10 5 11 6 12 0
-1 -7 2 8 3 9 4 10 5 11 6 12 0
1 7 2 8 3 9 4 10 5 11 6 12 0
-1 -13 -2 -14 -3 -15 -4 -16 -5 -17 -6 -18 0
1 13 -2 -14 -3 -15 -4 -16 -5 -17 -6 -18 0
-1 -13 2 14 -3 -15 -4 -16 -5 -17 -6 -18 0
1 13 2 14 -3 -15 -4 -16 -5 -17 -6 -18 0
-1 -13 -2 -14 3 15 -4 -16 -5 -17 -6 -18 0
1 13 -2 -14 3 15 -4 -16 -5 -17 -6 -18 0
-1 -13 2 14 3 15 -4 -16 -5 -17 -6 -18 0
1 13 2 14 3 15 -4 -16 -5 -17 -6 -18 0
-1 -13 -2 -14 -3 -15 4 16 -5 -17 -6 -18 0
1 13 -2 -14 -3 -15 4 16 -5 -17 -6 -18 0
-1 -13 2 14 -3 -15 4 16 -5 -17 -6 -18 0
1 13 2 14 -3 -15 4 16 -5 -17 -6 -18 0
-1 -13 -2 -14 3 15 4 16 -5 -17 -6 -18 0
1 13 -2 -14 3 15 4 16 -5 -17 -6 -18 0
-1 -13 2 14 3 15 4 16 -5 -17 -6 -18 0
1 13 2 14 3 15 4 16 -5 -17 -6 -18 0
-1 -13 -2 -14 -3 -15 -4 -16 5 17 -6 -18 0
1 13 -2 -14 -3 -15 -4 -16 5 17 -6 -18 0
-1 -13 2 14 -3 -15 -4 -16 5 17 -6 -18 0
1 13 2 14 -3 -15 -4 -16 5 17 -6 -18 0
-1 -13 -2 -14 3 15 -4 -16 5 17 -6 -18 0
1 13 -2 -14 3 15 -4 -16 5 17 -6 -18 0
-1 -13 2 14 3 15 -4 -16 5 17 -6 -18 0
1 13 2 14 3 15 -4 -16 5 17 -6 -18 0
-1 -13 -2 -14 -3 -15 4 16 5 17 -6 -18 0
1 13 -2 -14 -3 -15 4 16 5 17 -6 -18 0
-1 -13 2 14 -3 -15 4 16 5 17 -6 -18 0
1 13 2 14 -3 -15 4 16 5 17 -6 -18 0
-1 -13 -2 -14 3 15 4 16 5 17 -6 -18 0
1 13 -2 -14 3 15 4 16 5 17 -6 -18 0
-1 -13 2 14 3 15 4 16 5 17 -6 -18 0
1 13 2 14 3 15 4 16 5 17 -6 -18 0
-1 -13 -2 -14 -3 -15 -4 -16 -5 -17 6 18 0
1 13 -2 -14 -3 -15 -4 -16 -5 -17 6 18 0
-1 -13 2 14 -3 -15 -4 -16 -5 -17 6 18 0
1 13 2 14 -3 -15 -4 -16 -5 -17 6 18 0
-1 -13 -2 -14 3 15 -4 -16 -5 -17 6 18 0
1 13 -2 -14 3 15 -4 -16 -5 -17 6 18 0
-1 -13 2 14 3 15 -4 -16 -5 -17 6 18 0
1 13 2 14 3 15 -4 -16 -5 -17 6 18 0
-1 -13 -2 -14 -3 -15 4 16 -5 -17 6 18 0
1 13 -2 -14 -3 -15 4 16 -5 -17 6 18 0
-1 -13 2 14 -3 -15 4 16 -5 -17 6 18 0
1 13 2 14 -3 -15 4 16 -5 -17 6 18 0
-1 -13 -2 -14 3 15 4 16 -5 -17 6 18 0
1 13 -2 -14 3 15 4 16 -5 -17 6 18 0
-1 -13 2 14 3 15 4 16 -5 -17 6 18 0
1 13 2 14 3 15 4 16 -5 -17 6 18 0
-1 -13 -2 -14 -3 -15 -4 -16 5 17 6 18 0
1 13 -2 -14 -3 -15 -4 -16 5 17 6 18 0
-1 -13 2 14 -3 -15 -4 -16 5 17 6 18 0
1 13 2 14 -3 -15 -4 -16 5 17 6 18 0
-1 -13 -2 -14 3 15 -4 -16 5 17 6 18 0
1 13 -2 -14 3 15 -4 -16 5 17 6 18 0
-1 -13 2 14 3 15 -4 -16 5 17 6 18 0
1 13 2 14 3 15 -4 -16 5 17 6 18 0
-1 -13 -2 -14 -3 -15 4 16 5 17 6 18 0
1 13 -2 -14 -3 -15 4 16 5 17 6 18 0
-1 -13 2 14 -3 -15 4 16 5 17 6 18 0
1 13 2 14 -3 -15 4 16 5 17 6 18 0
-1 -13 -2 -14 3 15 4 16 5 17 6 18 0
1 13 -2 -14 3 15 4 16 5 17 6 18 0
-1 -13 2 14 3 15 4 16 5 17 6 18 0
1 13 2 14 3 15 4 16 5 17 6 18 0
-1 -19 -2 -20 -3 -21 -4 -22 -5 -23 -6 -24 0
1 19 -2 -20 -3 -21 -4 -22 -5 -23 -6 -24 0
-1 -19 2 20 -3 -21 -4 -22 -5 -23 -6 -24 0
1 19 2 20 -3 -21 -4 -22 -5 -23 -6 -24 0
-1 -19 -2 -20 3 21 -4 -22 -5 -23 -6 -24 0
1 19 -2 -20 3 21 -4 -22 -5 -23 -6 -24 0
-1 -19 2 20 3 21 -4 -22 -5 -23 -6 -24 0
1 19 2 20 3 21 -4 -22 -5 -23 -6 -24 0
-1 -19 -2 -20 -3 -21 4 22 -5 -23 -6 -24 0
1 19 -2 -20 -3 -21 4 22 -5 -23 -6 -24 0
-1 -19 2 20 -3 -21 4 22 -5 -23 -6 -24 0
1 19 2 20 -3 -21 4 22 -5 -23 -6 -24 0
-1 -19 -2 -20 3 21 4 22 -5 -23 -6 -24 0
1 19 -2 -20 3 21 4 22 -5 -23 -6 -24 0
-1 -19 2 20 3 21 4 22 -5 -23 -6 -24 0
1 19 2 20 3 21 4 22 -5 -23 -6 -24 0
-1 -19 -2 -20 -3 -21 -4 -22 5 23 -6 -24 0
1 19 -2 -20 -3 -21 -4 -22 5 23 -6 -24 0
-1 -19 2 20 -3 -21 -4 -22 5 23 -6 -24 0
1 19 2 20 -3 -21 -4 -22 5 23 -6 -24 0
-1 -19 -2 -20 3 21 -4 -22 5 23 -6 -24 0
1 19 -2 -20 3 21 -4 -22 5 23 -6 -24 0
-1 -19 2 20 3 21 -4 -22 5 23 -6 -24 0
1 19 2 20 3 21 -4 -22 5 23 -6 -24 0
-1 -19 -2 -20 -3 -21 4 22 5 23 -6 -24 0
1 19 -2 -20 -3 -21 4 22 5 23 -6 -24 0
-1 -19 2 20 -3 -21 4 22 5 23 -6 -24 0
1 19 2 20 -3 -21 4 22 5 23 -6 -24 0
-1 -19 -2 -20 3 21 4 22 5 23 -6 -24 0
1 19 -2 -20 3 21 4 22 5 23 -6 -24 0
-1 -19 2 20 3 21 4 22 5 23 -6 -24 0
1 19 2 20 3 21 4 22 5 23 -6 -24 0
-1 -19 -2 -20 -3 -21 -4 -22 -5 -23 6 24 0
1 19 -2 -20 -3 -21 -4 -22 -5 -23 6 24 0
-1 -19 2 20 -3 -21 -4 -22 -5 -23 6 24 0
1 19 2 20 -3 -21 -4 -22 -5 -23 6 24 0
-1 -19 -2 -20 3 21 -4 -22 -5 -23 6 24 0
1 19 -2 -20 3 21 -4 -22 -5 -23 6 24 0
-1 -19 2 20 3 21 -4 -22 -5 -23 6 24 0
1 19 2 20 3 21 -4 -22 -5 -23 6 24 0
-1 -19 -2 -20 -3 -21 4 22 -5 -23 6 24 0
1 19 -2 -20 -3 -21 4 22 -5 -23 6 24 0
-1 -19 2 20 -3 -21 4 22 -5 -23 6 24 0
1 19 2 20 -3 -21 4 22 -5 -23 6 24 0
-1 -19 -2 -20 3 21 4 22 -5 -23 6 24 0
1 19 -2 -20 3 21 4 22 -5 -23 6 24 0
-1 -19 2 20 3 21 4 22 -5 -23 6 24 0
1 19 2 20 3 21 4 22 -5 -23 6 24 0
-1 -19 -2 -20 -3 -21 -4 -22 5 23 6 24 0
1 19 -2 -20 -3 -21 -4 -22 5 23 6 24 0
-1 -19 2 20 -3 -21 -4 -22 5 23 6 24 0
1 19 2 20 -3 -21 -4 -22 5 23 6 24 0
-1 -19 -2 -20 3 21 -4 -22 5 23 6 24 0
1 19 -2 -20 3 21 -4 -22 5 23 6 24 0
-1 -19 2 20 3 21 -4 -22 5 23 6 24 0
1 19 2 20 3 21 -4 -22 5 23 6 24 0
-1 -19 -2 -20 -3 -21 4 22 5 23 6 24 0
1 19 -2 -20 -3 -21 4 22 5 23 6 24 0
-1 -19 2 20 -3 -21 4 22 5 23 6 24 0
1 19 2 20 -3 -21 4 22 5 23 6 24 0
-1 -19 -2 -20 3 21 4 22 5 23 6 24 0
1 19 -2 -20 3 21 4 22 5 23 6 24 0
-1 -19 2 20 3 21 4 22 5 23 6 24 0
1 19 2 20 3 21 4 22 5 23 6 24 0
-1 -25 -2 -26 -3 -27 -4 -28 -5 -29 -6 -30 0
1 25 -2 -26 -3 -27 -4 -28 -5 -29 -6 -30 0
-1 -25 2 26 -3 -27 -4 -28 -5 -29 -6 -30 0
1 25 2 26 -3 -27 -4 -28 -5 -29 -6 -30 0
-1 -25 -2 -26 3 27 -4 -28 -5 -29 -6 -30 0
1 25 -2 -26 3 27 -4 -28 -5 -29 -6 -30 0
-1 -25 2 26 3 27 -4 -28 -5 -29 -6 -30 0
1 25 2 26 3 27 -4 -28 -5 -29 -6 -30 0
-1 -25 -2 -26 -3 -27 4 28 -5 -29 -6 -30 0
1 25 -2 -26 -3 -27 4 28 -5 -29 -6 -30 0
-1 -25 2 26 -3 -27 4 28 -5 -29 -6 -30 0
1 25 2 26 -3 -27 4 28 -5 -29 -6 -30 0
-1 -25 -2 -26 3 27 4 28 -5 -29 -6 -30 0
1 25 -2 -26 3 27 4 28 -5 -29 -6 -30 0
-1 -25 2 26 3 27 4 28 -5 -29 -6 -30 0
1 25 2 26 3 27 4 28 -5 -29 -6 -30 0
-1 -25 -2 -26 -3 -27 -4 -28 5 29 -6 -30 0
1 25 -2 -26 -3 -27 -4 -28 5 29 -6 -30 0
-1 -25 2 26 -3 -27 -4 -28 5 29 -6 -30 0
1 25 2 26 -3 -27 -4 -28 5 29 -6 -30 0
-1 -25 -2 -26 3 27 -4 -28 5 29 -6 -30 0
1 25 -2 -26 3 27 -4 -28 5 29 -6 -30 0
-1 -25 2 26 3 27 -4 -28 5 29 -6 -30 0
1 25 2 26 3 27 -4 -28 5 29 -6 -30 0
-1 -25 -2 -26 -3 -27 4 28 5 29 -6 -30 0
1 25 -2 -26 -3 -27 4 28 5 29 -6 -30 0
-1 -25 2 26 -3 -27 4 28 5 29 -6 -30 0
1 25 2 26 -3 -27 4 28 5 29 -6 -30 0
-1 -25 -2 -26 3 27 4 28 5 29 -6 -30 0
1 25 -2 -26 3 27 4 28 5 29 -6 -30 0
-1 -25 2 26 3 27 4 28 5 29 -6 -30 0
1 25 2 26 3 27 4 28 5 29 -6 -30 0
-1 -25 -2 -26 -3 -27 -4 -28 -5 -29 6 30 0
1 25 -2 -26 -3 -27 -4 -28 -5 -29 6 30 0
-1 -25 2 26 -3 -27 -4 -28 -5 -29 6 30 0
1 25 2 26 -3 -27 -4 -28 -5 -29 6 30 0
-1 -25 -2 -26 3 27 -4 -28 -5 -29 6 30 0
1 25 -2 -26 3 27 -4 -28 -5 -29 6 30 0
-1 -25 2 26 3 27 -4 -28 -5 -29 6 30 0
1 25 2 26 3 27 -4 -28 -5 -29 6 30 0
-1 -25 -2 -26 -3 -27 4 28 -5 -29 6 30 0
1 25 -2 -26 -3 -27 4 28 -5 -29 6 30 0
-1 -25 2 26 -3 -27 4 28 -5 -29 6 30 0
1 25 2 26 -3 -27 4 28 -5 -29 6 30 0
-1 -25 -2 -26 3 27 4 28 -5 -29 6 30 0
1 25 -2 -26 3 27 4 28 -5 -29 6 30 0
-1 -25 2 26 3 27 4 28 -5 -29 6 30 0
1 25 2 26 3 27 4 28 -5 -29 6 30 0
-1 -25 -2 -26 -3 -27 -4 -28 5 29 6 30 0
1 25 -2 -26 -3 -27 -4 -28 5 29 6 30 0
-1 -25 2 26 -3 -27 -4 -28 5 29 6 30 0
1 25 2 26 -3 -27 -4 -28 5 29 6 30 0
-1 -25 -2 -26 3 27 -4 -28 5 29 6 30 0
1 25 -2 -26 3 27 -4 -28 5 29 6 30 0
-1 -25 2 26 3 27 -4 -28 5 29 6 30 0
1 25 2 26 3 27 -4 -28 5 29 6 30 0
-1 -25 -2 -26 -3 -27 4 28 5 29 6 30 0
1 25 -2 -26 -3 -27 4 28 5 29 6 30 0
-1 -25 2 26 -3 -27 4 28 5 29 6 30 0
1 25 2 26 -3 -27 4 28 5 29 6 30 0
-1 -25 -2 -26 3 27 4 28 5 29 6 30 0
1 25 -2 -26 3 27 4 28 5 29 6 30 0
-1 -25 2 26 3 27 4 28 5 29 6 30 0
1 25 2 26 3 27 4 28 5 29 6 30 0
-1 -31 -2 -32 -3 -33 -4 -34 -5 -35 -6 -36 0
1 31 -2 -32 -3 -33 -4 -34 -5 -35 -6 -36 0
-1 -31 2 32 -3 -33 -4 -34 -5 -35 -6 -36 0
1 31 2 32 -3 -33 -4 -34 -5 -35 -6 -36 0
-1 -31 -2 -32 3 33 -4 -34 -5 -35 -6 -36 0
1 31 -2 -32 3 33 -4 -34 -5 -35 -6 -36 0
-1 -31 2 32 3 33 -4 -34 -5 -35 -6 -36 0
1 31 2 32 3 33 -4 -34 -5 -35 -6 -36 0
-1 -31 -2 -32 -3 -33 4 34 -5 -35 -6 -36 0
1 31 -2 -32 -3 -33 4 34 -5 -35 -6 -36 0
-1 -31 2 32 -3 -33 4 34 -5 -35 -6 -36 0
1 31 2 32 -3 -33 4 34 -5 -35 -6 -36 0
-1 -31 -2 -32 3 33 4 34 -5 -35 -6 -36 0
1 31 -2 -32 3 33 4 34 -5 -35 -6 -36 0
-1 -31 2 32 3 33 4 34 -5 -35 -6 -36 0
1 31 2 32 3 33 4 34 -5 -35 -6 -36 0
-1 -31 -2 -32 -3 -33 -4 -34 5 35 -6 -36 0
1 31 -2 -32 -3 -33 -4 -34 5 35 -6 -36 0
-1 -31 2 32 -3 -33 -4 -34 5 35 -6 -36 0
1 31 2 32 -3 -33 -4 -34 5 35 -6 -36 0
-1 -31 -2 -32 3 33 -4 -34 5 35 -6 -36 0
1 31 -2 -32 3 33 -4 -34 5 35 -6 -36 0
-1 -31 2 32 3 33 -4 -34 5 35 -6 -36 0
1 31 2 32 3 33 -4 -34 5 35 -6 -36 0
-1 -31 -2 -32 -3 -33 4 34 5 35 -6 -36 0
1 31 -2 -32 -3 -33 4 34 5 35 -6 -36 0
-1 -31 2 32 -3 -33 4 34 5 35 -6 -36 0
1 31 2 32 -3 -33 4 34 5 35 -6 -36 0
-1 -31 -2 -32 3 33 4 34 5 35 -6 -36 0
1 31 -2 -32 3 33 4 34 5 35 -6 -36 0
-1 -31 2 32 3 33 4 34 5 35 -6 -36 0
1 31 2 32 3 33 4 34 5 35 -6 -36 0
-1 -31 -2 -32 -3 -33 -4 -34 -5 -35 6 36 0
1 31 -2 -32 -3 -33 -4 -34 -5 -35 6 36 0
-1 -31 2 32 -3 -33 -4 -34 -5 -35 6 36 0
1 31 2 32 -3 -33 -4 -34 -5 -35 6 36 0
-1 -31 -2 -32 3 33 -4 -34 -5 -35 6 36 0
1 31 -2 -32 3 33 -4 -34 -5 -35 6 36 0
-1 -31 2 32 3 33 -4 -34 -5 -35 6 36 0
1 31 2 32 3 33 -4 -34 -5 -35 6 36 0
-1 -31 -2 -32 -3 -33 4 34 -5 -35 6 36 0
1 31 -2 -32 -3 -33 4 34 -5 -35 6 36 0
-1 -31 2 32 -3 -33 4 34 -5 -35 6 36 0
1 31 2 32 -3 -33 4 34 -5 -35 6 36 0
-1 -31 -2 -32 3 33 4 34 -5 -35 6 36 0
1 31 -2 -32 3 33 4 34 -5 -35 6 36 0
-1 -31 2 32 3 33 4 34 -5 -35 6 36 0
1 31 2 32 3 33 4 34 -5 -35 6 36 0
-1 -31 -2 -32 -3 -33 -4 -34 5 35 6 36 0
1 31 -2 -32 -3 -33 -4 -34 5 35 6 36 0
-1 -31 2 32 -3 -33 -4 -34 5 35 6 36 0
1 31 2 32 -3 -33 -4 -34 5 35 6 36 0
-1 -31 -2 -32 3 33 -4 -34 5 35 6 36 0
1 31 -2 -32 3 33 -4 -34 5 35 6 36 0
-1 -31 2 32 3 33 -4 -34 5 35 6 36 0
1 31 2 32 3 33 -4 -34 5 35 6 36 0
-1 -31 -2 -32 -3 -33 4 34 5 35 6 36 0
1 31 -2 -32 -3 -33 4 34 5 35 6 36 0
-1 -31 2 32 -3 -33 4 34 5 35 6 36 0
1 31 2 32 -3 -33 4 34 5 35 6 36 0
-1 -31 -2 -32 3 33 4 34 5 35 6 36 0
1 31 -2 -32 3 33 4 34 5 35 6 36 0
-1 -31 2 32 3 33 4 34 5 35 6 36 0
1 31 2 32 3 33 4 34 5 35 6 36 0
-7 -13 -8 -14 -9 -15 -10 -16 -11 -17 -12 -18 0
7 13 -8 -14 -9 -15 -10 -16 -11 -17 -12 -18 0
-7 -13 8 14 -9 -15 -10 -16 -11 -17 -12 -18 0
7 13 8 14 -9 -15 -10 -16 -11 -17 -12 -18 0
-7 -13 -8 -14 9 15 -10 -16 -11 -17 -12 -18 0
7 13 -8 -14 9 15 -10 -16 -11 -17 -12 -18 0
-7 -13 8 14 9 15 -10 -16 -11 -17 -12 -18 0
7 13 8 14 9 15 -10 -16 -11 -17 -12 -18 0
-7 -13 -8 -14 -9 -15 10 16 -11 -17 -12 -18 0
7 13 -8 -14 -9 -15 10 16 -11 -17 -12 -18 0
-7 -13 8 14 -9 -15 10 16 -11 -17 -12 -18 0
7 13 8 14 -9 -15 10 16 -11 -17 -12 -18 0
-7 -13 -8 -14 9 15 10 16 -11 -17 -12 -18 0
7 13 -8 -14 9 15 10 16 -11 -17 -12 -18 0
-7 -13 8 14 9 15 10 16 -11 -17 -12 -18 0
7 13 8 14 9 15 10 16 -11 -17 -12 -18 0
-7 -13 -8 -14 -9 -15 -10 -16 11 17 -12 -18 0
7 13 -8 -14 -9 -15 -10 -16 11 17 -12 -18 0
-7 -13 8 14 -9 -15 -10 -16 11 17 -12 -18 0
7 13 8 14 -9 -15 -10 -16 11 17 -12 -18 0
-7 -13 -8 -14 9 15 -10 -16 11 17 -12 -18 0
7 13 -8 -14 9 15 -10 -16 11 17 -12 -18 0
-7 -13 8 14 9 15 -10 -16 11 17 -12 -18 0
7 13 8 14 9 15 -10 -16 11 17 -12 -18 0
-7 -13 -8 -14 -9 -15 10 16 11 17 -12 -18 0
7 13 -8 -14 -9 -15 10 16 11 17 -12 -18 0
-7 -13 8 14 -9 -15 10 16 11 17 -12 -18 0
7 13 8 14 -9 -15 10 16 11 17 -12 -18 0
-7 -13 -8 -14 9 15 10 16 11 17 -12 -18 0
7 13 -8 -14 9 15 10 16 11 17 -12 -18 0
-7 -13 8 14 9 15 10 16 11 17 -12 -18 0
7 13 8 14 9 15 10 16 11 17 -12 -18 0
-7 -13 -8 -14 -9 -15 -10 -16 -11 -17 12 18 0
7 13 -8 -14 -9 -15 -10 -16 -11 -17 12 18 0
-7 -13 8 14 -9 -15 -10 -16 -11 -17 12 18 0
7 13 8 14 -9 -15 -10 -16 -11 -17 12 18 0
-7 -13 -8 -14 9 15 -10 -16 -11 -17 12 18 0
7 13 -8 -14 9 15 -10 -16 -11 -17 12 18 0
-7 -13 8 14 9 15 -10 -16 -11 -17 12 18 0
7 13 8 14 9 15 -10 -16 -11 -17 12 18 0
-7 -13 -8 -14 -9 -15 10 16 -11 -17 12 18 0
7 13 -8 -14 -9 -15 10 16 -11 -17 12 18 0
-7 -13 8 14 -9 -15 10 16 -11 -17 12 18 0
7 13 8 14 -9 -15 10 16 -11 -17 12 18 0
-7 -13 -8 -14 9 15 10 16 -11 -17 12 18 0
7 13 -8 -14 9 15 10 16 -11 -17 12 18 0
-7 -13 8 14 9 15 10 16 -11 -17 12 18 0
7 13 8 14 9 15 10 16 -11 -17 12 18 0
-7 -13 -8 -14 -9 -15 -10 -16 11 17 12 18 0
7 13 -8 -14 -9 -15 -10 -16 11 17 12 18 0
-7 -13 8 14 -9 -15 -10 -16 11 17 12 18 0
7 13 8 14 -9 -15 -10 -16 11 17 12 18 0
-7 -13 -8 -14 9 15 -10 -16 11 17 12 18 0
7 13 -8 -14 9 15 -10 -16 11 17 12 18 0
-7 -13 8 14 9 15 -10 -16 11 17 12 18 0
7 13 8 14 9 15 -10 -16 11 17 12 18 0
-7 -13 -8 -14 -9 -15 10 16 11 17 12 18 0
7 13 -8 -14 -9 -15 10 16 11 17 12 18 0
-7 -13 8 14 -9 -15 10 16 11 17 12 18 0
7 13 8 14 -9 -15 10 16 11 17 12 18 0
-7 -13 -8 -14 9 15 10 16 11 17 12 18 0
7 13 -8 -14 9 15 10 16 11 17 12 18 0
-7 -13 8 14 9 15 10 16 11 17 12 18 0
7 13 8 14 9 15 10 16 11 17 12 18 0
-7 -19 -8 -20 -9 -21 -10 -22 -11 -23 -12 -24 0
7 19 -8 -20 -9 -21 -10 -22 -11 -23 -12 -24 0
-7 -19 8 20 -9 -21 -10 -22 -11 -23 -12 -24 0
7 19 8 20 -9 -21 -10 -22 -11 -23 -12 -24 0
-7 -19 -8 -20 9 21 -10 -22 -11 -23 -12 -24 0
7 19 -8 -20 9 21 -10 -22 -11 -23 -12 -24 0
-7 -19 8 20 9 21 -10 -22 -11 -23 -12 -24 0
7 19 8 20 9 21 -10 -22 -11 -23 -12 -24 0
-7 -19 -8 -20 -9 -21 10 22 -11 -23 -12 -24 0
7 19 -8 -20 -9 -21 10 22 -11 -23 -12 -24 0
-7 -19 8 20 -9 -21 10 22 -11 -23 -12 -24 0
7 19 8 20 -9 -21 10 22 -11 -23 -12 -24 0
-7 -19 -8 -20 9 21 10 22 -11 -23 -12 -24 0
7 19 -8 -20 9 21 10 22 -11 -23 -12 -24 0
-7 -19 8 20 9 21 10 22 -11 -23 -12 -24 0
7 19 8 20 9 21 10 22 -11 -23 -12 -24 0
-7 -19 -8 -20 -9 -21 -10 -22 11 23 -12 -24 0
7 19 -8 -20 -9 -21 -10 -22 11 23 -12 -24 0
-7 -19 8 20 -9 -21 -10 -22 11 23 -12 -24 0
7 19 8 20 -9 -21 -10 -22 11 23 -12 -24 0
-7 -19 -8 -20 9 21 -10 -22 11 23 -12 -24 0
7 19 -8 -20 9 21 -10 -22 11 23 -12 -24 0
-7 -19 8 20 9 21 -10 -22 11 23 -12 -24 0
7 19 8 20 9 21 -10 -22 11 23 -12 -24 0
-7 -19 -8 -20 -9 -21 10 22 11 23 -12 -24 0
7 19 -8 -20 -9 -21 10 22 11 23 -12 -24 0
-7 -19 8 20 -9 -21 10 22 11 23 -12 -24 0
7 19 8 20 -9 -21 10 22 11 23 -12 -24 0
-7 -19 -8 -20 9 21 10 22 11 23 -12 -24 0
7 19 -8 -20 9 21 10 22 11 23 -12 -24 0
-7 -19 8 20 9 21 10 22 11 23 -12 -24 0
7 19 8 20 9 21 10 22 11 23 -12 -24 0
-7 -19 -8 -20 -9 -21 -10 -22 -11 -23 12 24 0
7 19 -8 -20 -9 -21 -10 -22 -11 -23 12 24 0
-7 -19 8 20 -9 -21 -10 -22 -11 -23 12 24 0
7 19 8 20 -9 -21 -10 -22 -11 -23 12 24 0
-7 -19 -8 -20 9 21 -10 -22 -11 -23 12 24 0
7 19 -8 -20 9 21 -10 -22 -11 -23 12 24 0
-7 -19 8 20 9 21 -10 -22 -11 -23 12 24 0
7 19 8 20 9 21 -10 -22 -11 -23 12 24 0
-7 -19 -8 -20 -9 -21 10 22 -11 -23 12 24 0
7 19 -8 -20 -9 -21 10 22 -11 -23 12 24 0
-7 -19 8 20 -9 -21 10 22 -11 -23 12 24 0
7 19 8 20 -9 -21 10 22 -11 -23 12 24 0
-7 -19 -8 -20 9 21 10 22 -11 -23 12 24 0
7 19 -8 -20 9 21 10 22 -11 -23 12 24 0
-7 -19 8 20 9 21 10 22 -11 -23 12 24 0
7 19 8 20 9 21 10 22 -11 -23 12 24 0
-7 -19 -8 -20 -9 -21 -10 -22 11 23 12 24 0
7 19 -8 -20 -9 -21 -10 -22 11 23 12 24 0
-7 -19 8 20 -9 -21 -10 -22 11 23 12 24 0
7 19 8 20 -9 -21 -10 -22 11 23 12 24 0
-7 -19 -8 -20 9 21 -10 -22 11 23 12 24 0
7 19 -8 -20 9 21 -10 -22 11 23 12 24 0
-7 -19 8 20 9 21 -10 -22 11 23 12 24 0
7 19 8 20 9 21 -10 -22 11 23 12 24 0
-7 -19 -8 -20 -9 -21 10 22 11 23 12 24 0
7 19 -8 -20 -9 -21 10 22 11 23 12 24 0
-7 -19 8 20 -9 -21 10 22 11 23 12 24 0
7 19 8 20 -9 -21 10 22 11 23 12 24 0
-7 -19 -8 -20 9 21 10 22 11 23 12 24 0
7 19 -8 -20 9 21 10 22 11 23 12 24 0
-7 -19 8 20 9 21 10 22 11 23 12 24 0
7 19 8 20 9 21 10 22 11 23 12 24 0
-7 -25 -8 -26 -9 -27 -10 -28 -11 -29 -12 -30 0
7 25 -8 -26 -9 -27 -10 -28 -11 -29 -12 -30 0
-7 -25 8 26 -9 -27 -10 -28 -11 -29 -12 -30 0
7 25 8 26 -9 -27 -10 -28 -11 -29 -12 -30 0
-7 -25 -8 -26 9 27 -10 -28 -11 -29 -12 -30 0
7 25 -8 -26 9 27 -10 -28 -11 -29 -12 -30 0
-7 -25 8 26 9 27 -10 -28 -11 -29 -12 -30 0
7 25 8 26 9 27 -10 -28 -11 -29 -12 -30 0
-7 -25 -8 -26 -9 -27 10 28 -11 -29 -12 -30 0
7 25 -8 -26 -9 -27 10 28 -11 -29 -12 -30 0
-7 -25 8 26 -9 -27 10 28 -11 -29 -12 -30 0
7 25 8 26 -9 -27 10 28 -11 -29 -12 -30 0
-7 -25 -8 -26 9 27 10 28 -11 -29 -12 -30 0
7 25 -8 -26 9 27 10 28 -11 -29 -12 -30 0
-7 -25 8 26 9 27 10 28 -11 -29 -12 -30 0
7 25 8 26 9 27 10 28 -11 -29 -12 -30 0
-7 -25 -8 -26 -9 -27 -10 -28 11 29 -12 -30 0
7 25 -8 -26 -9 -27 -10 -28 11 29 -12 -30 0
-7 -25 8 26 -9 -27 -10 -28 11 29 -12 -30 0
7 25 8 26 -9 -27 -10 -28 11 29 -12 -30 0
-7 -25 -8 -26 9 27 -10 -28 11 29 -12 -30 0
7 25 -8 -26 9 27 -10 -28 11 29 -12 -30 0
-7 -25 8 26 9 27 -10 -28 11 29 -12 -30 0
7 25 8 26 9 27 -10 -28 11 29 -12 -30 0
-7 -25 -8 -26 -9 -27 10 28 11 29 -12 -30 0
7 25 -8 -26 -9 -27 10 28 11 29 -12 -30 0
-7 -25 8 26 -9 -27 10 28 11 29 -12 -30 0
7 25 8 26 -9 -27 10 28 11 29 -12 -30 0
-7 -25 -8 -26 9 27 10 28 11 29 -12 -30 0
7 25 -8 -26 9 27 10 28 11 29 -12 -30 0
-7 -25 8 26 9 27 10 28 11 29 -12 -30 0
7 25 8 26 9 27 10 28 11 29 -12 -30 0
-7 -25 -8 -26 -9 -27 -10 -28 -11 -29 12 30 0
7 25 -8 -26 -9 -27 -10 -28 -11 -29 12 30 0
-7 -25 8 26 -9 -27 -10 -28 -11 -29 12 30 0
7 25 8 26 -9 -27 -10 -28 -11 -29 12 30 0
-7 -25 -8 -26 9 27 -10 -28 -11 -29 12 30 0
7 25 -8 -26 9 27 -10 -28 -11 -29 12 30 0
-7 -25 8 26 9 27 -10 -28 -11 -29 12 30 0
7 25 8 26 9 27 -10 -28 -11 -29 12 30 0
-7 -25 -8 -26 -9 -27 10 28 -11 -29 12 30 0
7 25 -8 -26 -9 -27 10 28 -11 -29 12 30 0
-7 -25 8 26 -9 -27 10 28 -11 -29 12 30 0
7 25 8 26 -9 -27 10 28 -11 -29 12 30 0
-7 -25 -8 -26 9 27 10 28 -11 -29 12 30 0
7 25 -8 -26 9 27 10 28 -11 -29 12 30 0
-7 -25 8 26 9 27 10 28 -11 -29 12 30 0
7 25 8 26 9 27 10 28 -11 -29 12 30 0
-7 -25 -8 -26 -9 -27 -10 -28 11 29 12 30 0
7 25 -8 -26 -9 -27 -10 -28 11 29 12 30 0
-7 -25 8 26 -9 -27 -10 -28 11 29 12 30 0
7 25 8 26 -9 -27 -10 -28 11 29 12 30 0
-7 -25 -8 -26 9 27 -10 -28 11 29 12 30 0
7 25 -8 -26 9 27 -10 -28 11 29 12 30 0
-7 -25 8 26 9 27 -10 -28 11 29 12 30 0
7 25 8 26 9 27 -10 -28 11 29 12 30 0
-7 -25 -8 -26 -9 -27 10 28 11 29 12 30 0
7 25 -8 -26 -9 -27 10 28 11 29 12 30 0
-7 -25 8 26 -9 -27 10 28 11 29 12 30 0
7 25 8 26 -9 -27 10 28 11 29 12 30 0
-7 -25 -8 -26 9 27 10 28 11 29 12 30 0
7 25 -8 -26 9 27 10 28 11 29 12 30 0
-7 -25 8 26 9 27 10 28 11 29 12 30 0
7 25 8 26 9 27 10 28 11 29 12 30 0
-7 -31 -8 -32 -9 -33 -10 -34 -11 -35 -12 -36 0
7 31 -8 -32 -9 -33 -10 -34 -11 -35 -12 -36 0
-7 -31 8 32 -9 -33 -10 -34 -11 -35 -12 -36 0
7 31 8 32 -9 -33 -10 -34 -11 -35 -12 -36 0
-7 -31 -8 -32 9 33 -10 -34 -11 -35 -12 -36 0
7 31 -8 -32 9 33 -10 -34 -11 -35 -12 -36 0
-7 -31 8 32 9 33 -10 -34 -11 -35 -12 -36 0
7 31 8 32 9 33 -10 -34 -11 -35 -12 -36 0
-7 -31 -8 -32 -9 -33 10 34 -11 -35 -12 -36 0
7 31 -8 -32 -9 -33 10 34 -11 -35 -12 -36 0
-7 -31 8 32 -9 -33 10 34 -11 -35 -12 -36 0
7 31 8 32 -9 -33 10 34 -11 -35 -12 -36 0
-7 -31 -8 -32 9 33 10 34 -11 -35 -12 -36 0
7 31 -8 -32 9 33 10 34 -11 -35 -12 -36 0
-7 -31 8 32 9 33 10 34 -11 -35 -12 -36 0
7 31 8 32 9 33 10 34 -11 -35 -12 -36 0
-7 -31 -8 -32 -9 -33 -10 -34 11 35 -12 -36 0
7 31 -8 -32 -9 -33 -10 -34 11 35 -12 -36 0
-7 -31 8 32 -9 -33 -10 -34 11 35 -12 -36 0
7 31 8 32 -9 -33 -10 -34 11 35 -12 -36 0
-7 -31 -8 -32 9 33 -10 -34 11 35 -12 -36 0
7 31 -8 -32 9 33 -10 -34 11 35 -12 -36 0
-7 -31 8 32 9 33 -10 -34 11 35 -12 -36 0
7 31 8 32 9 33 -10 -34 11 35 -12 -36 0
-7 -31 -8 -32 -9 -33 10 34 11 35 -12 -36 0
7 31 -8 -32 -9 -33 10 34 11 35 -12 -36 0
-7 -31 8 32 -9 -33 10 34 11 35 -12 -36 0
7 31 8 32 -9 -33 10 34 11 35 -12 -36 0
-7 -31 -8 -32 9 33 10 34 11 35 -12 -36 0
7 31 -8 -32 9 33 10 34 11 35 -12 -36 0
-7 -31 8 32 9 33 10 34 11 35 -12 -36 0
7 31 8 32 9 33 10 34 11 35 -12 -36 0
-7 -31 -8 -32 -9 -33 -10 -34 -11 -35 12 36 0
7 31 -8 -32 -9 -33 -10 -34 -11 -35 12 36 0
-7 -31 8 32 -9 -33 -10 -34 -11 -35 12 36 0
7 31 8 32 -9 -33 -10 -34 -11 -35 12 36 0
-7 -31 -8 -32 9 33 -10 -34 -11 -35 12 36 0
7 31 -8 -32 9 33 -10 -34 -11 -35 12 36 0
-7 -31 8 32 9 33 -10 -34 -11 -35 12 36 0
7 31 8 32 9 33 -10 -34 -11 -35 12 36 0
-7 -31 -8 -32 -9 -33 10 34 -11 -35 12 36 0
7 31 -8 -32 -9 -33 10 34 -11 -35 12 36 0
-7 -31 8 32 -9 -33 10 34 -11 -35 12 36 0
7 31 8 32 -9 -33 10 34 -11 -35 12 36 0
-7 -31 -8 -32 9 33 10 34 -11 -35 12 36 0
7 31 -8 -32 9 33 10 34 -11 -35 12 36 0
-7 -31 8 32 9 33 10 34 -11 -35 12 36 0
7 31 8 32 9 33 10 34 -11 -35 12 36 0
-7 -31 -8 -32 -9 -33 -10 -34 11 35 12 36 0
7 31 -8 -32 -9 -33 -10 -34 11 35 12 36 0
-7 -31 8 32 -9 -33 -10 -34 11 35 12 36 0
7 31 8 32 -9 -33 -10 -34 11 35 12 36 0
-7 -31 -8 -32 9 33 -10 -34 11 35 12 36 0
7 31 -8 -32 9 33 -10 -34 11 35 12 36 0
-7 -31 8 32 9 33 -10 -34 11 35 12 36 0
7 31 8 32 9 33 -10 -34 11 35 12 36 0
-7 -31 -8 -32 -9 -33 10 34 11 35 12 36 0
7 31 -8 -32 -9 -33 10 34 11 35 12 36 0
-7 -31 8 32 -9 -33 10 34 11 35 12 36 0
7 31 8 32 -9 -33 10 34 11 35 12 36 0
-7 -31 -8 -32 9 33 10 34 11 35 12 36 0
7 31 -8 -32 9 33 10 34 11 35 12 36 0
-7 -31 8 32 9 33 10 34 11 35 12 36 0
7 31 8 32 9 33 10 34 11 35 12 36 0
-13 -19 -14 -20 -15 -21 -16 -22 -17 -23 -18 -24 0
13 19 -14 -20 -15 -21 -16 -22 -17 -23 -18 -24 0
-13 -19 14 20 -15 -21 -16 -22 -17 -23 -18 -24 0
13 19 14 20 -15 -21 -16 -22 -17 -23 -18 -24 0
-13 -19 -14 -20 15 21 -16 -22 -17 -23 -18 -24 0
13 19 -14 -20 15 21 -16 -22 -17 -23 -18 -24 0
-13 -19 14 20 15 21 -16 -22 -17 -23 -18 -24 0
13 19 14 20 15 21 -16 -22 -17 -23 -18 -24 0
-13 -19 -14 -20 -15 -21 16 22 -17 -23 -18 -24 0
13 19 -14 -20 -15 -21 16 22 -17 -23 -18 -24 0
-13 -19 14 20 -15 -21 16 22 -17 -23 -18 -24 0
13 19 14 20 -15 -21 16 22 -17 -23 -18 -24 0
-13 -19 -14 -20 15 21 16 22 -17 -23 -18 -24 0
13 19 -14 -20 15 21 16 22 -17 -23 -18 -24 0
-13 -19 14 20 15 21 16 22 -17 -23 -18 -24 0
13 19 14 20 15 21 16 22 -17 -23 -18 -24 0
-13 -19 -14 -20 -15 -21 -16 -22 17 23 -18 -24 0
13 19 -14 -20 -15 -21 -16 -22 17 23 -18 -24 0
-13 -19 14 20 -15 -21 -16 -22 17 23 -18 -24 0
13 19 14 20 -15 -21 -16 -22 17 23 -18 -24 0
-13 -19 -14 -20 15 21 -16 -22 17 23 -18 -24 0
13 19 -14 -20 15 21 -16 -22 17 23 -18 -24 0
-13 -19 14 20 15 21 -16 -22 17 23 -18 -24 0
13 19 14 20 15 21 -16 -22 17 23 -18 -24 0
-13 -19 -14 -20 -15 -21 16 22 17 23 -18 -24 0
13 19 -14 -20 -15 -21 16 22 17 23 -18 -24 0
-13 -19 14 20 -15 -21 16 22 17 23 -18 -24 0
13 19 14 20 -15 -21 16 22 17 23 -18 -24 0
-13 -19 -14 -20 15 21 16 22 17 23 -18 -24 0
13 19 -14 -20 15 21 16 22 17 23 -18 -24 0
-13 -19 14 20 15 21 16 22 17 23 -18 -24 0
13 19 14 20 15 21 16 22 17 23 -18 -24 0
-13 -19 -14 -20 -15 -21 -16 -22 -17 -23 18 24 0
13 19 -14 -20 -15 -21 -16 -22 -17 -23 18 24 0
-13 -19 14 20 -15 -21 -16 -22 -17 -23 18 24 0
13 19 14 20 -15 -21 -16 -22 -17 -23 18 24 0
-13 -19 -14 -20 15 21 -16 -22 -17 -23 18 24 0
13 19 -14 -20 15 21 -16 -22 -17 -23 18 24 0
-13 -19 14 20 15 21 -16 -22 -17 -23 18 24 0
13 19 14 20 15 21 -16 -22 -17 -23 18 24 0
-13 -19 -14 -20 -15 -21 16 22 -17 -23 18 24 0
13 19 -14 -20 -15 -21 16 22 -17 -23 18 24 0
-13 -19 14 20 -15 -21 16 22 -17 -23 18 24 0
13 19 14 20 -15 -21 16 22 -17 -23 18 24 0
-13 -19 -14 -20 15 21 16 22 -17 -23 18 24 0
13 19 -14 -20 15 21 16 22 -17 -23 18 24 0
-13 -19 14 20 15 21 16 22 -17 -23 18 24 0
13 19 14 20 15 21 16 22 -17 -23 18 24 0
-13 -19 -14 -20 -15 -21 -16 -22 17 23 18 24 0
13 19 -14 -20 -15 -21 -16 -22 17 23 18 24 0
-13 -19 14 20 -15 -21 -16 -22 17 23 18 24 0
13 19 14 20 -15 -21 -16 -22 17 23 18 24 0
-13 -19 -14 -20 15 21 -16 -22 17 23 18 24 0
13 19 -14 -20 15 21 -16 -22 17 23 18 24 0
-13 -19 14 20 15 21 -16 -22 17 23 18 24 0
13 19 14 20 15 21 -16 -22 17 23 18 24 0
-13 -19 -14 -20 -15 -21 16 22 17 23 18 24 0
13 19 -14 -20 -15 -21 16 22 17 23 18 24 0
-13 -19 14 20 -15 -21 16 22 17 23 18 24 0
13 19 14 20 -15 -21 16 22 17 23 18 24 0
-13 -19 -14 -20 15 21 16 22 17 23 18 24 0
13 19 -14 -20 15 21 16 22 17 23 18 24 0
-13 -19 14 20 15 21 16 22 17 23 18 24 0
13 19 14 20 15 21 16 22 17 23 18 24 0
-13 -25 -14 -26 -15 -27 -16 -28 -17 -29 -18 -30 0
13 25 -14 -26 -15 -27 -16 -28 -17 -29 -18 -30 0
-13 -25 14 26 -15 -27 -16 -28 -17 -29 -18 -30 0
13 25 14 26 -15 -27 -16 -28 -17 -29 -18 -30 0
-13 -25 -14 -26 15 27 -16 -28 -17 -29 -18 -30 0
13 25 -14 -26 15 27 -16 -28 -17 -29 -18 -30 0
-13 -25 14 26 15 27 -16 -28 -17 -29 -18 -30 0
13 25 14 26 15 27 -16 -28 -17 -29 -18 -30 0
-13 -25 -14 -26 -15 -27 16 28 -17 -29 -18 -30 0
13 25 -14 -26 -15 -27 16 28 -17 -29 -18 -30 0
-13 -25 14 26 -15 -27 16 28 -17 -29 -18 -30 0
13 25 14 26 -15 -27 16 28 -17 -29 -18 -30 0
-13 -25 -14 -26 15 27 16 28 -17 -29 -18 -30 0
13 25 -14 -26 15 27 16 28 -17 -29 -18 -30 0
-13 -25 14 26 15 27 16 28 -17 -29 -18 -30 0
13 25 14 26 15 27 16 28 -17 -29 -18 -30 0
-13 -25 -14 -26 -15 -27 -16 -28 17 29 -18 -30 0
13 25 -14 -26 -15 -27 -16 -28 17 29 -18 -30 0
-13 -25 14 26 -15 -27 -16 -28 17 29 -18 -30 0
13 25 14 26 -15 -27 -16 -28 17 29 -18 -30 0
-13 -25 -14 -26 15 27 -16 -28 17 29 -18 -30 0
13 25 -14 -26 15 27 -16 -28 17 29 -18 -30 0
-13 -25 14 26 15 27 -16 -28 17 29 -18 -30 0
13 25 14 26 15 27 -16 -28 17 29 -18 -30 0
-13 -25 -14 -26 -15 -27 16 28 17 29 -18 -30 0
13 25 -14 -26 -15 -27 16 28 17 29 -18 -30 0
-13 -25 14 26 -15 -27 16 28 17 29 -18 -30 0
13 25 14 26 -15 -27 16 28 17 29 -18 -30 0
-13 -25 -14 -26 15 27 16 28 17 29 -18 -30 0
13 25 -14 -26 15 27 16 28 17 29 -18 -30 0
-13 -25 14 26 15 27 16 28 17 29 -18 -30 0
13 25 14 26 15 27 16 28 17 29 -18 -30 0
-13 -25 -14 -26 -15 -27 -16 -28 -17 -29 18 30 0
13 25 -14 -26 -15 -27 -16 -28 -17 -29 18 30 0
-13 -25 14 26 -15 -27 -16 -28 -17 -29 18 30 0
13 25 14 26 -15 -27 -16 -28 -17 -29 18 30 0
-13 -25 -14 -26 15 27 -16 -28 -17 -29 18 30 0
13 25 -14 -26 15 27 -16 -28 -17 -29 18 30 0
-13 -25 14 26 15 27 -16 -28 -17 -29 18 30 0
13 25 14 26 15 27 -16 -28 -17 -29 18 30 0
-13 -25 -14 -26 -15 -27 16 28 -17 -29 18 30 0
13 25 -14 -26 -15 -27 16 28 -17 -29 18 30 0
-13 -25 14 26 -15 -27 16 28 -17 -29 18 30 0
13 25 14 26 -15 -27 16 28 -17 -29 18 30 0
-13 -25 -14 -26 15 27 16 28 -17 -29 18 30 0
13 25 -14 -26 15 27 16 28 -17 -29 18 30 0
-13 -25 14 26 15 27 16 28 -17 -29 18 30 0
13 25 14 26 15 27 16 28 -17 -29 18 30 0
-13 -25 -14 -26 -15 -27 -16 -28 17 29 18 30 0
13 25 -14 -26 -15 -27 -16 -28 17 29 18 30 0
-13 -25 14 26 -15 -27 -16 -28 17 29 18 30 0
13 25 14 26 -15 -27 -16 -28 17 29 18 30 0
-13 -25 -14 -26 15 27 -16 -28 17 29 18 30 0
13 25 -14 -26 15 27 -16 -28 17 29 18 30 0
-13 -25 14 26 15 27 -16 -28 17 29 18 30 0
13 25 14 26 15 27 -16 -28 17 29 18 30 0
-13 -25 -14 -26 -15 -27 16 28 17 29 18 30 0
13 25 -14 -26 -15 -27 16 28 17 29 18 30 0
-13 -25 14 26 -15 -27 16 28 17 29 18 30 0
13 25 14 26 -15 -27 16 28 17 29 18 30 0
-13 -25 -14 -26 15 27 16 28 17 29 18 30 0
13 25 -14 -26 15 27 16 28 17 29 18 30 0
-13 -25 14 26 15 27 16 28 17 29 18 30 0
13 25 14 26 15 27 16 28 17 29 18 30 0
-13 -31 -14 -32 -15 -33 -16 -34 -17 -35 -18 -36 0
13 31 -14 -32 -15 -33 -16 -34 -17 -35 -18 -36 0
-13 -31 14 32 -15 -33 -16 -34 -17 -35 -18 -36 0
13 31 14 32 -15 -33 -16 -34 -17 -35 -18 -36 0
-13 -31 -14 -32 15 33 -16 -34 -17 -35 -18 -36 0
13 31 -14 -32 15 33 -16 -34 -17 -35 -18 -36 0
-13 -31 14 32 15 33 -16 -34 -17 -35 -18 -36 0
13 31 14 32 15 33 -16 -34 -17 -35 -18 -36 0
-13 -31 -14 -32 -15 -33 16 34 -17 -35 -18 -36 0
13 31 -14 -32 -15 -33 16 34 -17 -35 -18 -36 0
-13 -31 14 32 -15 -33 16 34 -17 -35 -18 -36 0
13 31 14 32 -15 -33 16 34 -17 -35 -18 -36 0
-13 -31 -14 -32 15 33 16 34 -17 -35 -18 -36 0
13 31 -14 -32 15 33 16 34 -17 -35 -18 -36 0
-13 -31 14 32 15 33 16 34 -17 -35 -18 -36 0
13 31 14 32 15 33 16 34 -17 -35 -18 -36 0
-13 -31 -14 -32 -15 -33 -16 -34 17 35 -18 -36 0
13 31 -14 -32 -15 -33 -16 -34 17 35 -18 -36 0
-13 -31 14 32 -15 -33 -16 -34 17 35 -18 -36 0
13 31 14 32 -15 -33 -16 -34 17 35 -18 -36 0
-13 -31 -14 -32 15 33 -16 -34 17 35 -18 -36 0
13 31 -14 -32 15 33 -16 -34 17 35 -18 -36 0
-13 -31 14 32 15 33 -16 -34 17 35 -18 -36 0
13 31 14 32 15 33 -16 -34 17 35 -18 -36 0
-13 -31 -14 -32 -15 -33 16 34 17 35 -18 -36 0
13 31 -14 -32 -15 -33 16 34 17 35 -18 -36 0
-13 -31 14 32 -15 -33 16 34 17 35 -18 -36 0
13 31 14 32 -15 -33 16 34 17 35 -18 -36 0
-13 -31 -14 -32 15 33 16 34 17 35 -18 -36 0
13 31 -14 -32 15 33 16 34 17 35 -18 -36 0
-13 -31 14 32 15 33 16 34 17 35 -18 -36 0
13 31 14 32 15 33 16 34 17 35 -18 -36 0
-13 -31 -14 -32 -15 -33 -16 -34 -17 -35 18 36 0
13 31 -14 -32 -15 -33 -16 -34 -17 -35 18 36 0
-13 -31 14 32 -15 -33 -16 -34 -17 -35 18 36 0
13 31 14 32 -15 -33 -16 -34 -17 -35 18 36 0
-13 -31 -14 -32 15 33 -16 -34 -17 -35 18 36 0
13 31 -14 -32 15 33 -16 -34 -17 -35 18 36 0
-13 -31 14 32 15 33 -16 -34 -17 -35 18 36 0
13 31 14 32 15 33 -16 -34 -17 -35 18 36 0
-13 -31 -14 -32 -15 -33 16 34 -17 -35 18 36 0
13 31 -14 -32 -15 -33 16 34 -17 -35 18 36 0
-13 -31 14 32 -15 -33 16 34 -17 -35 18 36 0
13 31 14 32 -15 -33 16 34 -17 -35 18 36 0
-13 -31 -14 -32 15 33 16 34 -17 -35 18 36 0
13 31 -14 -32 15 33 16 34 -17 -35 18 36 0
-13 -31 14 32 15 33 16 34 -17 -35 18 36 0
13 31 14 32 15 33 16 34 -17 -35 18 36 0
-13 -31 -14 -32 -15 -33 -16 -34 17 35 18 36 0
13 31 -14 -32 -15 -33 -16 -34 17 35 18 36 0
-13 -31 14 32 -15 -33 -16 -34 17 35 18 36 0
13 31 14 32 -15 -33 -16 -34 17 35 18 36 0
-13 -31 -14 -32 15 33 -16 -34 17 35 18 36 0
13 31 -14 -32 15 33 -16 -34 17 35 18 36 0
-13 -31 14 32 15 33 -16 -34 17 35 18 36 0
13 31 14 32 15 33 -16 -34 17 35 18 36 0
-13 -31 -14 -32 -15 -33 16 34 17 35 18 36 0
13 31 -14 -32 -15 -33 16 34 17 35 18 36 0
-13 -31 14 32 -15 -33 16 34 17 35 18 36 0
13 31 14 32 -15 -33 16 34 17 35 18 36 0
-13 -31 -14 -32 15 33 16 34 17 35 18 36 0
13 31 -14 -32 15 33 16 34 17 35 18 36 0
-13 -31 14 32 15 33 16 34 17 35 18 36 0
13 31 14 32 15 33 16 34 17 35 18 36 0
-19 -25 -20 -26 -21 -27 -22 -28 -23 -29 -24 -30 0
19 25 -20 -26 -21 -27 -22 -28 -23 -29 -24 -30 0
-19 -25 20 26 -21 -27 -22 -28 -23 -29 -24 -30 0
19 25 20 26 -21 -27 -22 -28 -23 -29 -24 -30 0
-19 -25 -20 -26 21 27 -22 -28 -23 -29 -24 -30 0
19 25 -20 -26 21 27 -22 -28 -23 -29 -24 -30 0
-19 -25 20 26 21 27 -22 -28 -23 -29 -24 -30 0
19 25 20 26 21 27 -22 -28 -23 -29 -24 -30 0
-19 -25 -20 -26 -21 -27 22 28 -23 -29 -24 -30 0
19 25 -20 -26 -21 -27 22 28 -23 -29 -24 -30 0
-19 -25 20 26 -21 -27 22 28 -23 -29 -24 -30 0
19 25 20 26 -21 -27 22 28 -23 -29 -24 -30 0
-19 -25 -20 -26 21 27 22 28 -23 -29 -24 -30 0
19 25 -20 -26 21 27 22 28 -23 -29 -24 -30 0
-19 -25 20 26 21 27 22 28 -23 -29 -24 -30 0
19 25 20 26 21 27 22 28 -23 -29 -24 -30 0
-19 -25 -20 -26 -21 -27 -22 -28 23 29 -24 -30 0
19 25 -20 -26 -21 -27 -22 -28 23 29 -24 -30 0
-19 -25 20 26 -21 -27 -22 -28 23 29 -24 -30 0
19 25 20 26 -21 -27 -22 -28 23 29 -24 -30 0
-19 -25 -20 -26 21 27 -22 -28 23 29 -24 -30 0
19 25 -20 -26 21 27 -22 -28 23 29 -24 -30 0
-19 -25 20 26 21 27 -22 -28 23 29 -24 -30 0
19 25 20 26 21 27 -22 -28 23 29 -24 -30 0
-19 -25 -20 -26 -21 -27 22 28 23 29 -24 -30 0
19 25 -20 -26 -21 -27 22 28 23 29 -24 -30 0
-19 -25 20 26 -21 -27 22 28 23 29 -24 -30 0
19 25 20 26 -21 -27 22 28 23 29 -24 -30 0
-19 -25 -20 -26 21 27 22 28 23 29 -24 -30 0
19 25 -20 -26 21 27 22 28 23 29 -24 -30 0
-19 -25 20 26 21 27 22 28 23 29 -24 -30 0
19 25 20 26 21 27 22 28 23 29 -24 -30 0
-19 -25 -20 -26 -21 -27 -22 -28 -23 -29 24 30 0
19 25 -20 -26 -21 -27 -22 -28 -23 -29 24 30 0
-19 -25 20 26 -21 -27 -22 -28 -23 -29 24 30 0
19 25 20 26 -21 -27 -22 -28 -23 -29 24 30 0
-19 -25 -20 -26 21 27 -22 -28 -23 -29 24 30 0
19 25 -20 -26 21 27 -22 -28 -23 -29 24 30 0
-19 -25 20 26 21 27 -22 -28 -23 -29 24 30 0
19 25 20 26 21 27 -22 -28 -23 -29 24 30 0
-19 -25 -20 -26 -21 -27 22 28 -23 -29 24 30 0
19 25 -20 -26 -21 -27 22 28 -23 -29 24 30 0
-19 -25 20 26 -21 -27 22 28 -23 -29 24 30 0
19 25 20 26 -21 -27 22 28 -23 -29 24 30 0
-19 -25 -20 -26 21 27 22 28 -23 -29 24 30 0
19 25 -20 -26 21 27 22 28 -23 -29 24 30 0
-19 -25 20 26 21 27 22 28 -23 -29 24 30 0
19 25 20 26 21 27 22 28 -23 -29 24 30 0
-19 -25 -20 -26 -21 -27 -22 -28 23 29 24 30 0
19 25 -20 -26 -21 -27 -22 -28 23 29 24 30 0
-19 -25 20 26 -21 -27 -22 -28 23 29 24 30 0
19 25 20 26 -21 -27 -22 -28 23 29 24 30 0
-19 -25 -20 -26 21 27 -22 -28 23 29 24 30 0
19 25 -20 -26 21 27 -22 -28 23 29 24 30 0
-19 -25 20 26 21 27 -22 -28 23 29 24 30 0
19 25 20 26 21 27 -22 -28 23 29 24 30 0
-19 -25 -20 -26 -21 -27 22 28 23 29 24 30 0
19 25 -20 -26 -21 -27 22 28 23 29 24 30 0
-19 -25 20 26 -21 -27 22 28 23 29 24 30 0
19 25 20 26 -21 -27 22 28 23 29 24 30 0
-19 -25 -20 -26 21 27 22 28 23 29 24 30 0
19 25 -20 -26 21 27 22 28 23 29 24 30 0
-19 -25 20 26 21 27 22 28 23 29 24 30 0
19 25 20 26 21 27 22 28 23 29 24 30 0
-19 -31 -20 -32 -21 -33 -22 -34 -23 -35 -24 -36 0
19 31 -20 -32 -21 -33 -22 -34 -23 -35 -24 -36 0
-19 -31 20 32 -21 -33 -22 -34 -23 -35 -24 -36 0
19 31 20 32 -21 -33 -22 -34 -23 -35 -24 -36 0
-19 -31 -20 -32 21 33 -22 -34 -23 -35 -24 -36 0
19 31 -20 -32 21 33 -22 -34 -23 -35 -24 -36 0
-19 -31 20 32 21 33 -22 -34 -23 -35 -24 -36 0
19 31 20 32 21 33 -22 -34 -23 -35 -24 -36 0
-19 -31 -20 -32 -21 -33 22 34 -23 -35 -24 -36 0
19 31 -20 -32 -21 -33 22 34 -23 -35 -24 -36 0
-19 -31 20 32 -21 -33 22 34 -23 -35 -24 -36 0
19 31 20 32 -21 -33 22 34 -23 -35 -24 -36 0
-19 -31 -20 -32 21 33 22 34 -23 -35 -24 -36 0
19 31 -20 -32 21 33 22 34 -23 -35 -24 -36 0
-19 -31 20 32 21 33 22 34 -23 -35 -24 -36 0
19 31 20 32 21 33 22 34 -23 -35 -24 -36 0
-19 -31 -20 -32 -21 -33 -22 -34 23 35 -24 -36 0
19 31 -20 -32 -21 -33 -22 -34 23 35 -24 -36 0
-19 -31 20 32 -21 -33 -22 -34 23 35 -24 -36 0
19 31 20 32 -21 -33 -22 -34 23 35 -24 -36 0
-19 -31 -20 -32 21 33 -22 -34 23 35 -24 -36 0
19 31 -20 -32 21 33 -22 -34 23 35 -24 -36 0
-19 -31 20 32 21 33 -22 -34 23 35 -24 -36 0
19 31 20 32 21 33 -22 -34 23 35 -24 -36 0
-19 -31 -20 -32 -21 -33 22 34 23 35 -24 -36 0
19 31 -20 -32 -21 -33 22 34 23 35 -24 -36 0
-19 -31 20 32 -21 -33 22 34 23 35 -24 -36 0
19 31 20 32 -21 -33 22 34 23 35 -24 -36 0
-19 -31 -20 -32 21 33 22 34 23 35 -24 -36 0
19 31 -20 -32 21 33 22 34 23 35 -24 -36 0
-19 -31 20 32 21 33 22 34 23 35 -24 -36 0
19 31 20 32 21 33 22 34 23 35 -24 -36 0
-19 -31 -20 -32 -21 -33 -22 -34 -23 -35 24 36 0
19 31 -20 -32 -21 -33 -22 -34 -23 -35 24 36 0
-19 -31 20 32 -21 -33 -22 -34 -23 -35 24 36 0
19 31 20 32 -21 -33 -22 -34 -23 -35 24 36 0
-19 -31 -20 -32 21 33 -22 -34 -23 -35 24 36 0
19 31 -20 -32 21 33 -22 -34 -23 -35 24 36 0
-19 -31 20 32 21 33 -22 -34 -23 -35 24 36 0
19 31 20 32 21 33 -22 -34 -23 -35 24 36 0
-19 -31 -20 -32 -21 -33 22 34 -23 -35 24 36 0
19 31 -20 -32 -21 -33 22 34 -23 -35 24 36 0
-19 -31 20 32 -21 -33 22 34 -23 -35 24 36 0
19 31 20 32 -21 -33 22 34 -23 -35 24 36 0
-19 -31 -20 -32 21 33 22 34 -23 -35 24 36 0
19 31 -20 -32 21 33 22 34 -23 -35 24 36 0
-19 -31 20 32 21 33 22 34 -23 -35 24 36 0
19 31 20 32 21 33 22 34 -23 -35 24 36 0
-19 -31 -20 -32 -21 -33 -22 -34 23 35 24 36 0
19 31 -20 -32 -21 -33 -22 -34 23 35 24 36 0
-19 -31 20 32 -21 -33 -22 -34 23 35 24 36 0
19 31 20 32 -21 -33 -22 -34 23 35 24 36 0
-19 -31 -20 -32 21 33 -22 -34 23 35 24 36 0
19 31 -20 -32 21 33 -22 -34 23 35 24 36 0
-19 -31 20 32 21 33 -22 -34 23 35 24 36 0
19 31 20 32 21 33 -22 -34 23 35 24 36 0
-19 -31 -20 -32 -21 -33 22 34 23 35 24 36 0
19 31 -20 -32 -21 -33 22 34 23 35 24 36 0
-19 -31 20 32 -21 -33 22 34 23 35 24 36 0
19 31 20 32 -21 -33 22 34 23 35 24 36 0
-19 -31 -20 -32 21 33 22 34 23 35 24 36 0
19 31 -20 -32 21 33 22 34 23 35 24 36 0
-19 -31 20 32 21 33 22 34 23 35 24 36 0
19 31 20 32 21 33 22 34 23 35 24 36 0
-25 -31 -26 -32 -27 -33 -28 -34 -29 -35 -30 -36 0
25 31 -26 -32 -27 -33 -28 -34 -29 -35 -30 -36 0
-25 -31 26 32 -27 -33 -28 -34 -29 -35 -30 -36 0
25 31 26 32 -27 -33 -28 -34 -29 -35 -30 -36 0
-25 -31 -26 -32 27 33 -28 -34 -29 -35 -30 -36 0
25 31 -26 -32 27 33 -28 -34 -29 -35 -30 -36 0
-25 -31 26 32 27 33 -28 -34 -29 -35 -30 -36 0
25 31 26 32 27 33 -28 -34 -29 -35 -30 -36 0
-25 -31 -26 -32 -27 -33 28 34 -29 -35 -30 -36 0
25 31 -26 -32 -27 -33 28 34 -29 -35 -30 -36 0
-25 -31 26 32 -27 -33 28 34 -29 -35 -30 -36 0
25 31 26 32 -27 -33 28 34 -29 -35 -30 -36 0
-25 -31 -26 -32 27 33 28 34 -29 -35 -30 -36 0
25 31 -26 -32 27 33 28 34 -29 -35 -30 -36 0
-25 -31 26 32 27 33 28 34 -29 -35 -30 -36 0
25 31 26 32 27 33 28 34 -29 -35 -30 -36 0
-25 -31 -26 -32 -27 -33 -28 -34 29 35 -30 -36 0
25 31 -26 -32 -27 -33 -28 -34 29 35 -30 -36 0
-25 -31 26 32 -27 -33 -28 -34 29 35 -30 -36 0
25 31 26 32 -27 -33 -28 -34 29 35 -30 -36 0
-25 -31 -26 -32 27 33 -28 -34 29 35 -30 -36 0
25 31 -26 -32 27 33 -28 -34 29 35 -30 -36 0
-25 -31 26 32 27 33 -28 -34 29 35 -30 -36 0
25 31 26 32 27 33 -28 -34 29 35 -30 -36 0
-25 -31 -26 -32 -27 -33 28 34 29 35 -30 -36 0
25 31 -26 -32 -27 -33 28 34 29 35 -30 -36 0
-25 -31 26 32 -27 -33 28 34 29 35 -30 -36 0
25 31 26 32 -27 -33 28 34 29 35 -30 -36 0
-25 -31 -26 -32 27 33 28 34 29 35 -30 -36 0
25 31 -26 -32 27 33 28 34 29 35 -30 -36 0
-25 -31 26 32 27 33 28 34 29 35 -30 -36 0
25 31 26 32 27 33 28 34 29 35 -30 -36 0
-25 -31 -26 -32 -27 -33 -28 -34 -29 -35 30 36 0
25 31 -26 -32 -27 -33 -28 -34 -29 -35 30 36 0
-25 -31 26 32 -27 -33 -28 -34 -29 -35 30 36 0
25 31 26 32 -27 -33 -28 -34 -29 -35 30 36 0
-25 -31 -26 -32 27 33 -28 -34 -29 -35 30 36 0
25 31 -26 -32 27 33 -28 -34 -29 -35 30 36 0
-25 -31 26 32 27 33 -28 -34 -29 -35 30 36 0
25 31 26 32 27 33 -28 -34 -29 -35 30 36 0
-25 -31 -26 -32 -27 -33 28 34 -29 -35 30 36 0
25 31 -26 -32 -27 -33 28 34 -29 -35 30 36 0
-25 -31 26 32 -27 -33 28 34 -29 -35 30 36 0
25 31 26 32 -27 -33 28 34 -29 -35 30 36 0
-25 -31 -26 -32 27 33 28 34 -29 -35 30 36 0
25 31 -26 -32 27 33 28 34 -29 -35 30 36 0
-25 -31 26 32 27 33 28 34 -29 -35 30 36 0
25 31 26 32 27 33 28 34 -29 -35 30 36 0
-25 -31 -26 -32 -27 -33 -28 -34 29 35 30 36 0
25 31 -26 -32 -27 -33 -28 -34 29 35 30 36 0
-25 -31 26 32 -27 -33 -28 -34 29 35 30 36 0
25 31 26 32 -27 -33 -28 -34 29 35 30 36 0
-25 -31 -26 -32 27 33 -28 -34 29 35 30 36 0
25 31 -26 -32 27 33 -28 -34 29 35 30 36 0
-25 -31 26 32 27 33 -28 -34 29 35 30 36 0
25 31 26 32 27 33 -28 -34 29 35 30 36 0
-25 -31 -26 -32 -27 -33 28 34 29 35 30 36 0
25 31 -26 -32 -27 -33 28 34 29 35 30 36 0
-25 -31 26 32 -27 -33 28 34 29 35 30 36 0
25 31 26 32 -27 -33 28 34 29 35 30 36 0
-25 -31 -26 -32 27 33 28 34 29 35 30 36 0
25 31 -26 -32 27 33 28 34 29 35 30 36 0
-25 -31 26 32 27 33 28 34 29 35 30 36 0
25 31 26 32 27 33 28 34 29 35 30 36 0
1 2 3 4 0
-1 -2 -3 -4 0
1 2 3 5 0
-1 -2 -3 -5 0
1 2 4 5 0
-1 -2 -4 -5 0
1 3 4 5 0
-1 -3 -4 -5 0
2 3 4 5 0
-2 -3 -4 -5 0
1 2 3 6 0
-1 -2 -3 -6 0
1 2 4 6 0
-1 -2 -4 -6 0
1 3 4 6 0
-1 -3 -4 -6 0
2 3 4 6 0
-2 -3 -4 -6 0
1 2 5 6 0
-1 -2 -5 -6 0
1 3 5 6 0
-1 -3 -5 -6 0
2 3 5 6 0
-2 -3 -5 -6 0
1 4 5 6 0
-1 -4 -5 -6 0
2 4 5 6 0
-2 -4 -5 -6 0
3 4 5 6 0
-3 -4 -5 -6 0
7 8 9 10 0
-7 -8 -9 -10 0
7 8 9 11 0
-7 -8 -9 -11 0
7 8 10 11 0
-7 -8 -10 -11 0
7 9 10 11 0
-7 -9 -10 -11 0
8 9 10 11 0
-8 -9 -10 -11 0
7 8 9 12 0
-7 -8 -9 -12 0
7 8 10 12 0
-7 -8 -10 -12 0
7 9 10 12 0
-7 -9 -10 -12 0
8 9 10 12 0
-8 -9 -10 -12 0
7 8 11 12 0
-7 -8 -11 -12 0
7 9 11 12 0
-7 -9 -11 -12 0
8 9 11 12 0
-8 -9 -11 -12 0
7 10 11 12 0
-7 -10 -11 -12 0
8 10 11 12 0
-8 -10 -11 -12 0
9 10 11 12 0
-9 -10 -11 -12 0
13 14 15 16 0
-13 -14 -15 -16 0
13 14 15 17 0
-13 -14 -15 -17 0
13 14 16 17 0
-13 -14 -16 -17 0
13 15 16 17 0
-13 -15 -16 -17 0
14 15 16 17 0
-14 -15 -16 -17 0
13 14 15 18 0
-13 -14 -15 -18 0
13 14 16 18 0
-13 -14 -16 -18 0
13 15 16 18 0
-13 -15 -16 -18 0
14 15 16 18 0
-14 -15 -16 -18 0
13 14 17 18 0
-13 -14 -17 -18 0
13 15 17 18 0
-13 -15 -17 -18 0
14 15 17 18 0
-14 -15 -17 -18 0
13 16 17 18 0
-13 -16 -17 -18 0
14 16 17 18 0
-14 -16 -17 -18 0
15 16 17 18 0
-15 -16 -17 -18 0
19 20 21 22 0
-19 -20 -21 -22 0
19 20 21 23 0
-19 -20 -21 -23 0
19 20 22 23 0
-19 -20 -22 -23 0
19 21 22 23 0
-19 -21 -22 -23 0
20 21 22 23 0
-20 -21 -22 -23 0
19 20 21 24 0
-19 -20 -21 -24 0
19 20 22 24 0
-19 -20 -22 -24 0
19 21 22 24 0
-19 -21 -22 -24 0
20 21 22 24 0
-20 -21 -22 -24 0
19 20 23 24 0
-19 -20 -23 -24 0
19 21 23 24 0
-19 -21 -23 -24 0
20 21 23 24 0
-20 -21 -23 -24 0
19 22 23 24 0
-19 -22 -23 -24 0
20 22 23 24 0
-20 -22 -23 -24 0
21 22 23 24 0
-21 -22 -23 -24 0
25 26 27 28 0
-25 -26 -27 -28 0
25 26 27 29 0
-25 -26 -27 -29 0
25 26 28 29 0
-25 -26 -28 -29 0
25 27 28 29 0
-25 -27 -28 -29 0
26 27 28 29 0
-26 -27 -28 -29 0
25 26 27 30 0
-25 -26 -27 -30 0
25 26 28 30 0
-25 -26 -28 -30 0
25 27 28 30 0
-25 -27 -28 -30 0
26 27 28 30 0
-26 -27 -28 -30 0
25 26 29 30 0
-25 -26 -29 -30 0
25 27 29 30 0
-25 -27 -29 -30 0
26 27 29 30 0
-26 -27 -29 -30 0
25 28 29 30 0
-25 -28 -29 -30 0
26 28 29 30 0
-26 -28 -29 -30 0
27 28 29 30 0
-27 -28 -29 -30 0
31 32 33 34 0
-31 -32 -33 -34 0
31 32 33 35 0
-31 -32 -33 -35 0
31 32 34 35 0
-31 -32 -34 -35 0
31 33 34 35 0
-31 -33 -34 -35 0
32 33 34 35 0
-32 -33 -34 -35 0
31 32 33 36 0
-31 -32 -33 -36 0
31 32 34 36 0
-31 -32 -34 -36 0
31 33 34 36 0
-31 -33 -34 -36 0
32 33 34 36 0
-32 -33 -34 -36 0
31 32 35 36 0
-31 -32 -35 -36 0
31 33 35 36 0
-31 -33 -35 -36 0
32 33 35 36 0
-32 -33 -35 -36 0
31 34 35 36 0
-31 -34 -35 -36 0
32 34 35 36 0
-32 -34 -35 -36 0
33 34 35 36 0
-33 -34 -35 -36 0
1 7 13 19 0
-1 -7 -13 -19 0
1 7 13 25 0
-1 -7 -13 -25 0
1 7 19 25 0
-1 -7 -19 -25 0
1 13 19 25 0
-1 -13 -19 -25 0
7 13 19 25 0
-7 -13 -19 -25 0
1 7 13 31 0
-1 -7 -13 -31 0
1 7 19 31 0
-1 -7 -19 -31 0
1 13 19 31 0
-1 -13 -19 -31 0
7 13 19 31 0
-7 -13 -19 -31 0
1 7 25 31 0
-1 -7 -25 -31 0
1 13 25 31 0
-1 -13 -25 -31 0
7 13 25 31 0
-7 -13 -25 -31 0
1 19 25 31 0
-1 -19 -25 -31 0
7 19 25 31 0
-7 -19 -25 -31 0
13 19 25 31 0
-13 -19 -25 -31 0
2 8 14 20 0
-2 -8 -14 -20 0
2 8 14 26 0
-2 -8 -14 -26 0
2 8 20 26 0
-2 -8 -20 -26 0
2 14 20 26 0
-2 -14 -20 -26 0
8 14 20 26 0
-8 -14 -20 -26 0
2 8 14 32 0
-2 -8 -14 -32 0
2 8 20 32 0
-2 -8 -20 -32 0
2 14 20 32 0
-2 -14 -20 -32 0
8 14 20 32 0
-8 -14 -20 -32 0
2 8 26 32 0
-2 -8 -26 -32 0
2 14 26 32 0
-2 -14 -26 -32 0
8 14 26 32 0
-8 -14 -26 -32 0
2 20 26 32 0
-2 -20 -26 -32 0
8 20 26 32 0
-8 -20 -26 -32 0
14 20 26 32 0
-14 -20 -26 -32 0
3 9 15 21 0
-3 -9 -15 -21 0
3 9 15 27 0
-3 -9 -15 -27 0
3 9 21 27 0
-3 -9 -21 -27 0
3 15 21 27 0
-3 -15 -21 -27 0
9 15 21 27 0
-9 -15 -21 -27 0
3 9 15 33 0
-3 -9 -15 -33 0
3 9 21 33 0
-3 -9 -21 -33 0
3 15 21 33 0
-3 -15 -21 -33 0
9 15 21 33 0
-9 -15 -21 -33 0
3 9 27 33 0
-3 -9 -27 -33 0
3 15 27 33 0
-3 -15 -27 -33 0
9 15 27 33 0
-9 -15 -27 -33 0
3 21 27 33 0
-3 -21 -27 -33 0
9 21 27 33 0
-9 -21 -27 -33 0
15 21 27 33 0
-15 -21 -27 -33 0
4 10 16 22 0
-4 -10 -16 -22 0
4 10 16 28 0
-4 -10 -16 -28 0
4 10 22 28 0
-4 -10 -22 -28 0
4 16 22 28 0
-4 -16 -22 -28 0
10 16 22 28 0
-10 -16 -22 -28 0
4 10 16 34 0
-4 -10 -16 -34 0
4 10 22 34 0
-4 -10 -22 -34 0
4 16 22 34 0
-4 -16 -22 -34 0
10 16 22 34 0
-10 -16 -22 -34 0
4 10 28 34 0
-4 -10 -28 -34 0
4 16 28 34 0
-4 -16 -28 -34 0
10 16 28 34 0
-10 -16 -28 -34 0
4 22 28 34 0
-4 -22 -28 -34 0
10 22 28 34 0
-10 -22 -28 -34 0
16 22 28 34 0
-16 -22 -28 -34 0
5 11 17 23 0
-5 -11 -17 -23 0
5 11 17 29 0
-5 -11 -17 -29 0
5 11 23 29 0
-5 -11 -23 -29 0
5 17 23 29 0
-5 -17 -23 -29 0
11 17 23 29 0
-11 -17 -23 -29 0
5 11 17 35 0
-5 -11 -17 -35 0
5 11 23 35 0
-5 -11 -23 -35 0
5 17 23 35 0
-5 -17 -23 -35 0
11 17 23 35 0
-11 -17 -23 -35 0
5 11 29 35 0
-5 -11 -29 -35 0
5 17 29 35 0
-5 -17 -29 -35 0
11 17 29 35 0
-11 -17 -29 -35 0
5 23 29 35 0
-5 -23 -29 -35 0
11 23 29 35 0
-11 -23 -29 -35 0
17 23 29 35 0
-17 -23 -29 -35 0
6 12 18 24 0
-6 -12 -18 -24 0
6 12 18 30 0
-6 -12 -18 -30 0
6 12 24 30 0
-6 -12 -24 -30 0
6 18 24 30 0
-6 -18 -24 -30 0
12 18 24 30 0
-12 -18 -24 -30 0
6 12 18 36 0
-6 -12 -18 -36 0
6 12 24 36 0
-6 -12 -24 -36 0
6 18 24 36 0
-6 -18 -24 -36 0
12 18 24 36 0
-12 -18 -24 -36 0
6 12 30 36 0
-6 -12 -30 -36 0
6 18 30 36 0
-6 -18 -30 -36 0
12 18 30 36 0
-12 -18 -30 -36 0
6 24 30 36 0
-6 -24 -30 -36 0
12 24 30 36 0
-12 -24 -30 -36 0
18 24 30 36 0
-18 -24 -30 -36 0
1 -1 0